30,64.421638,188.092880,25.658051,59.187073,0.559124
90,8.975404,175.415680,26.829979,63.340576,0.858011
90,502.745148,132.343445,27.152618,67.597351,0.050725
120,537.438293,149.943161,19.284912,49.630096,0.493064
150,560.527893,133.864624,14.742920,35.831573,0.135994
180,101.009171,155.482452,14.010300,37.101349,0.078271
180,439.945953,142.202164,14.631897,38.750366,0.168689
210,617.776978,131.694809,16.370972,45.446777,0.397522
240,445.412720,148.584625,18.437683,47.151825,0.420992
240,439.082245,147.525864,19.071655,52.927002,0.083800
240,455.547729,146.670044,17.628052,43.426422,0.551701
270,485.602814,151.615707,19.846252,48.031433,0.188399
270,449.748840,150.636353,17.744202,40.948120,0.165086
270,504.261383,148.836212,18.214752,46.330475,0.111343
270,468.068481,145.843781,15.489746,54.044098,0.155902
270,5.023593,157.457169,20.596443,54.402710,0.126273
270,415.414185,149.058563,13.899414,40.390930,0.065516
300,495.725128,144.244446,18.991791,50.973724,0.299895
300,325.679291,148.276489,17.593750,43.057587,0.307280
300,482.557465,148.622528,19.960632,47.573639,0.171550
300,413.542786,154.355698,18.791870,46.759674,0.710030
300,456.845581,147.368774,20.953125,50.229858,0.055204
300,449.605011,148.923050,19.268738,46.877319,0.187875
300,472.114502,147.506195,21.917480,52.050537,0.071269
300,563.155396,153.501831,20.105713,55.543610,0.051378
300,422.586639,153.033081,19.218384,49.223511,0.131063
300,467.185211,147.227524,51.983246,51.301086,0.103530
330,616.555054,155.099716,18.439331,43.254913,0.140454
330,195.592972,151.235367,15.812469,39.797791,0.270349
330,492.076324,150.257843,19.545532,47.729034,0.089786
330,428.912659,152.815399,22.509216,56.559082,0.157220
330,321.366150,145.055603,20.608582,48.467468,0.102254
330,436.514130,158.640900,21.276733,50.886169,0.069732
360,438.963257,149.424683,17.446228,43.799469,0.965618
360,171.863007,147.666519,18.229553,44.251770,0.938678
360,445.144257,150.656937,17.193420,43.794403,0.687198
360,433.594147,149.249527,16.959839,43.120728,0.224549
360,163.663223,147.138046,19.322693,47.657288,0.056097
360,450.559845,153.556732,17.320312,48.982788,0.058298
360,190.582184,148.224762,17.182556,40.928406,0.062737
360,461.394135,156.177597,18.906799,65.118683,0.054767
360,219.492188,151.217224,16.405914,44.286835,0.056812
360,578.899536,149.762573,32.674316,78.360718,0.072887
360,471.204498,151.158279,20.207581,56.153870,0.236165
360,466.894562,148.833878,30.530518,76.649109,0.296597
360,449.760223,149.833221,41.260559,64.766724,0.052463
390,411.145294,152.457458,16.554871,41.520508,0.392321
390,464.189728,149.548950,13.453552,43.355469,0.888437
390,606.778625,137.571625,29.818481,75.458527,0.324133
390,436.000458,148.636398,12.751038,39.818756,0.162080
390,394.793030,152.530228,15.568237,42.199646,0.115582
390,119.442268,156.528961,16.016563,39.373871,0.180106
390,467.193115,150.944748,17.549500,46.377197,0.411740
390,406.194183,151.984512,15.686646,45.307098,0.289482
390,418.118805,153.852753,13.834839,41.760803,0.061945
390,452.847778,146.249405,18.316467,47.947876,0.427597
420,418.648468,150.781906,20.052307,50.134369,0.979273
420,474.265778,147.329102,19.155518,46.962494,0.930333
420,411.650574,154.275848,19.176208,49.465790,0.729503
420,468.342255,148.569702,17.106873,46.611877,0.373230
420,425.932281,149.834198,18.228516,48.696472,0.399981
420,438.361359,149.754196,18.061951,42.364807,0.538746
420,243.136108,144.292587,13.532928,39.965057,0.100650
420,184.174164,149.947144,16.979492,41.619598,0.061026
420,433.421387,148.793365,16.306702,47.643799,0.137210
420,192.067612,148.662323,13.604065,45.723083,0.262231
420,459.606110,149.871017,17.457703,42.409485,0.101204
420,195.806320,147.125824,16.342346,44.379120,0.089351
420,88.415237,161.038483,16.800339,43.258362,0.071015
420,164.121735,153.384140,17.144684,42.608246,0.181530
420,405.563599,150.869812,46.562866,51.311615,0.250197
450,420.033600,148.428024,22.495300,57.318512,0.823713
450,446.882294,149.723389,18.435974,45.990173,0.407714
450,133.867447,145.379196,19.006256,49.854004,0.203999
450,144.600632,145.890732,18.584015,51.438782,0.099888
450,481.534882,145.154327,20.582275,50.290771,0.357667
450,171.602402,139.681885,18.935699,49.909882,0.684985
450,428.458374,147.328781,24.517395,60.827728,0.610957
450,548.946899,140.726562,18.852783,53.856445,0.068941
450,150.635834,144.464188,20.717010,59.873993,0.131066
450,163.694901,138.137848,20.270782,48.886261,0.117298
450,439.559998,148.811859,18.682678,48.075928,0.478348
450,415.890472,149.427277,54.462769,57.197479,0.126680
450,134.333054,138.990860,54.614777,56.058472,0.064141
480,435.713989,146.033569,25.326172,64.119293,0.864179
480,161.034622,144.976532,16.848724,44.441711,0.499847
480,446.544006,146.774170,24.951721,63.592957,0.188546
480,520.108765,153.193665,15.687988,46.770905,0.128565
480,462.663483,147.703186,21.425781,50.028381,0.160785
480,126.344383,143.293091,19.142555,47.195526,0.730831
480,489.538971,142.458557,24.200592,60.994232,0.115640
480,471.061035,148.108505,22.912476,55.064941,0.072964
480,454.180664,145.305328,27.915039,68.082245,0.099229
480,115.618813,147.047531,24.413414,47.651367,0.190486
480,432.730652,133.430649,38.494812,96.522156,0.095208
480,440.583862,147.367432,71.182068,58.491333,0.051117
480,422.532410,143.216995,56.881714,62.785004,0.063964
510,152.904617,149.174576,15.732635,42.960999,0.913290
510,91.987770,144.539093,21.904449,52.897339,0.118270
510,497.156494,146.498230,23.707520,55.641693,0.274645
510,111.455200,142.083374,19.549637,49.037384,0.379992
510,515.290039,150.547318,21.689697,53.127106,0.067713
510,157.339844,140.631134,19.241608,49.581848,0.071306
510,476.381134,150.447632,23.946472,56.930054,0.056151
510,506.174622,149.007950,22.427246,54.154083,0.105008
510,104.417435,143.787567,20.523605,53.832611,0.061587
510,473.028870,149.705658,55.271790,53.254456,0.058356
540,79.224518,151.638565,20.763397,50.220245,0.346287
540,479.751831,144.429184,33.109192,81.689240,0.069635
540,152.654770,151.985077,17.614990,46.071777,0.187702
540,89.539932,152.138809,19.155151,45.297180,0.067785
570,485.146301,149.917358,24.605530,59.409729,0.593702
570,479.318695,143.699234,35.794586,88.610229,0.189597
570,507.443146,143.582184,25.397552,71.352417,0.161807
570,526.960083,147.815247,22.965454,67.834473,0.155762
570,491.667511,146.751465,26.914459,67.434662,0.211971
570,515.923706,144.359650,28.200684,71.250153,0.092454
570,476.284302,148.366486,65.356445,66.904266,0.057799
600,493.383118,149.725616,20.699158,51.856750,0.103688
600,477.393585,145.190201,42.118317,98.492645,0.098185
600,76.193222,164.408798,18.971451,45.413025,0.133839
600,505.746918,141.869873,32.223053,77.284607,0.125455
600,478.083832,152.958038,20.538147,49.144623,0.063390
600,491.021851,142.276199,30.961182,77.633911,0.077540
630,209.984253,150.521317,18.987183,51.517883,0.077731
630,224.100372,159.142059,15.600983,40.839935,0.133003
630,481.284515,156.109833,37.537140,96.420044,0.075110
630,493.709106,161.032471,25.548950,64.343048,0.055242
660,489.651947,159.261871,32.067657,75.642883,0.175390
660,69.815048,171.656754,18.318665,44.793640,0.144354
660,0.968209,156.018082,27.324203,78.149048,0.056995
690,493.633331,169.804443,27.617889,67.306915,0.770051
690,554.395142,176.417435,23.405273,63.255463,0.449817
690,462.986420,176.697479,21.689880,56.932861,0.166238
690,529.486938,178.206543,19.929199,53.822357,0.067599
690,502.684357,171.843765,26.825104,62.059631,0.065574
690,58.795116,180.561234,27.189152,43.246796,0.504598
690,480.596283,172.797745,57.934540,63.510284,0.249124
690,514.340698,168.600006,29.404053,69.194489,0.096132
720,502.971161,174.706635,23.559479,58.048859,0.673862
720,498.823700,170.997482,34.530304,82.696899,0.562924
720,67.029068,184.439224,17.348969,42.705170,0.527408
720,461.372223,179.614410,26.146912,60.347626,0.193515
720,444.298828,178.127258,28.613342,69.298248,0.244272
720,84.840683,178.436356,19.651749,54.423553,0.149015
720,60.364677,181.588348,19.366928,47.518311,0.052868
720,408.757721,172.787201,24.725952,65.753448,0.054600
720,72.268356,180.759689,17.080032,43.611511,0.125077
720,489.444061,173.999023,69.405914,66.744141,0.107805
720,450.809601,173.596420,33.861267,80.432098,0.077395
750,467.609253,176.712097,22.521179,55.257599,0.896949
750,478.613037,178.710617,23.117065,56.923523,0.062731
750,137.832733,186.594025,16.213470,40.310760,0.277624
750,387.699005,172.472641,21.864258,50.777039,0.099857
750,40.277573,182.995880,19.977036,52.096771,0.065455
750,68.772827,181.255630,23.310654,60.341736,0.101414
750,462.531494,171.386932,32.459534,79.533081,0.427206
780,111.248138,179.827438,19.215576,48.116028,0.802769
780,479.890289,172.673920,21.290405,52.979797,0.179155
780,97.595284,174.434204,18.714417,50.032166,0.588052
780,90.753433,172.564713,15.838074,48.419128,0.054429
780,383.501526,174.200180,21.507996,52.421906,0.066941
780,527.875732,169.096710,29.110229,70.083160,0.771948
780,3.809765,176.262390,24.064400,62.024841,0.672174
780,391.594513,175.502441,19.141541,47.463196,0.082980
780,99.986832,169.129944,26.213028,63.308167,0.064635
780,2.998692,181.434250,19.072052,37.385864,0.180256
780,78.107521,170.762711,52.333626,52.766876,0.051313
810,490.324188,169.591187,19.940918,49.541870,0.999088
810,512.169922,168.611069,23.286377,62.308868,0.394295
810,293.955597,173.960510,17.127014,40.918030,0.075639
810,27.298016,174.003769,15.192986,41.758087,0.101770
810,474.368958,168.082016,15.721191,44.677460,0.716337
810,503.190887,173.848145,20.516571,54.433075,0.073591
810,496.488892,173.256561,19.621216,50.498077,0.279857
810,2.632868,157.890594,28.962986,85.812683,0.184706
810,483.987122,165.793396,40.433533,55.712555,0.134813
840,535.784119,164.202576,28.813110,69.984528,0.977517
840,503.715118,168.289001,20.296783,50.806732,0.999431
840,530.458374,166.987335,22.392700,56.872284,0.088678
840,496.852448,165.352081,16.806854,48.036255,0.065907
840,27.150902,158.154037,23.866386,57.334290,0.059386
840,398.472778,159.063736,24.644653,66.508728,0.082727
840,18.670946,158.439606,24.511618,63.234222,0.075586
840,546.426208,162.981674,25.444458,66.206024,0.239445
840,282.257507,165.757721,28.899719,68.232697,0.072244
840,530.022278,160.901245,55.432007,66.749634,0.176052
840,492.255676,167.378357,40.574341,48.552124,0.102799
870,517.246948,158.807022,22.979126,57.747284,0.998810
870,585.476440,152.115646,36.489990,85.590546,0.976721
870,445.195099,157.647171,19.767334,47.478912,0.153996
870,550.368164,155.063232,20.187622,48.705872,0.192490
870,527.558899,158.265167,19.146362,52.384918,0.146392
870,576.933350,158.974274,26.657959,63.700195,0.137220
870,535.159058,157.877197,18.954956,47.195953,0.052584
870,542.599792,155.575012,17.888428,46.890961,0.096168
870,362.007050,148.319260,26.460693,63.773499,0.064655
870,503.501129,156.881516,55.612885,56.038330,0.155369
870,522.183655,156.116592,113.934814,58.044495,0.096475
900,527.252625,156.876617,24.083008,59.066162,0.998960
900,538.938293,156.692154,21.544067,53.098846,0.176124
930,533.041565,149.506882,25.098022,62.694977,0.997776
930,542.291626,150.940109,22.144043,55.081116,0.264615
930,550.280212,151.405792,21.034912,52.069611,0.242276
930,588.443420,148.834732,19.915161,49.139404,0.063339
930,524.967102,149.707001,50.363159,57.616089,0.140242
960,522.404846,146.001221,25.457397,62.091431,0.997964
960,599.697327,137.535507,20.430908,56.980255,0.083102
960,551.705261,150.205719,18.112671,46.744080,0.052108
960,545.575073,146.608063,19.255249,52.344788,0.061021
990,496.743286,146.652863,25.475891,63.726227,0.998993
1020,456.367401,154.397385,24.438660,59.796387,0.931085
1020,541.611206,138.914978,60.927490,150.496399,0.998410
1020,448.172150,148.254364,37.251770,84.561188,0.149402
1020,477.117920,148.423126,162.338135,143.986786,0.066605
1050,434.000214,146.959518,49.522766,116.170334,0.889505
1050,443.732117,151.354111,33.946716,82.877411,0.173306
1050,435.333679,151.027176,28.352600,76.429626,0.108116
1050,444.332764,148.484192,21.658691,50.240692,0.054401
1050,452.983337,152.342468,37.928528,95.568420,0.348020
1050,440.130676,136.017578,64.237488,162.767273,0.114446
1110,212.358002,141.007477,58.507660,134.435120,0.111855
1110,219.515823,154.625916,39.248825,95.380310,0.851322
1110,218.262115,157.241302,27.193359,69.564789,0.069297
1140,108.157578,146.420563,62.624023,150.214081,0.999288
1140,22.943308,176.628326,14.817327,35.577209,0.252923
1170,7.686571,149.217773,58.229340,148.089325,0.999048
1170,158.339661,175.780701,20.000427,49.692627,0.154016
1200,217.332443,171.684540,17.247345,49.269836,0.166707
1260,151.981522,174.285095,20.190186,50.508179,0.996619
1290,121.905136,176.132156,26.683990,64.954468,0.829714
1320,102.135605,174.389267,20.399475,50.093109,0.997499
1350,91.376076,174.435562,20.074677,48.893188,0.997323
1350,604.044678,165.398605,18.313599,50.738922,0.126248
1380,83.565392,173.597137,20.858643,51.766357,0.994223
1410,81.619118,174.323013,21.075165,52.611237,0.995985
1440,83.716370,175.041824,19.388916,48.219666,0.995594
1440,226.887115,160.939667,27.328552,67.181183,0.159241
1470,92.059883,174.978577,18.022842,44.073853,0.998238
1470,84.385803,171.755112,21.595551,52.997284,0.069117
1500,97.939880,175.099319,17.829422,43.929474,0.996458
1530,103.943718,175.791718,17.464233,43.355042,0.998058
1560,110.306961,175.638489,16.320084,39.724121,0.995531
1560,604.944580,165.169556,21.733276,55.199341,0.056966
1590,116.607620,174.125122,16.538620,39.897003,0.986785
1590,604.404114,164.346985,21.197266,54.109528,0.330584
1620,119.368217,175.836288,16.309059,39.065918,0.198134
1710,496.682526,140.430099,23.517120,57.129303,0.066534
1710,477.784576,147.740311,22.642639,58.782501,0.050347
