30,216.929153,133.645432,16.536133,41.411133,0.986938
30,588.135620,148.628204,37.172241,91.913055,0.111789
30,222.984589,129.814087,17.598999,45.421234,0.111393
30,589.575745,114.372971,49.027710,180.971573,0.056349
30,125.983704,108.629211,17.576996,41.435364,0.115509
60,164.824142,133.806625,19.365570,48.522003,0.991415
60,123.845947,129.916702,16.853271,42.748596,0.080082
60,114.586922,134.660538,21.569786,39.399719,0.514183
90,106.365456,129.235413,24.550316,62.680969,0.817168
90,114.660660,133.568192,20.872833,52.625336,0.528580
90,165.500504,133.282532,16.434998,47.349854,0.055289
90,162.029999,126.369881,16.720795,44.602806,0.474306
90,98.074219,127.690300,25.441010,60.076454,0.112812
90,162.051987,122.793098,26.304321,64.513054,0.101058
120,25.522934,125.663330,28.124405,68.311432,0.993860
120,156.842499,125.160492,20.754120,54.136566,0.087390
300,517.548340,139.997574,18.663696,43.372589,0.757860
300,441.297272,143.042831,19.213623,45.064728,0.054686
300,151.912994,144.092529,19.813751,46.461426,0.057110
300,192.404160,132.728119,17.081238,42.118591,0.066825
300,102.943832,128.891876,21.554214,54.160217,0.192869
300,159.886215,143.212463,16.303741,38.820892,0.096410
300,512.338196,134.841644,28.626343,67.627319,0.166968
300,207.895844,139.441177,16.752594,38.664246,0.061817
330,33.933781,152.370621,18.775276,45.045929,0.150623
330,162.308731,144.185318,14.317291,37.825836,0.171861
330,44.095528,151.720261,19.535591,45.064972,0.078282
360,180.998688,150.485657,14.527008,39.721985,0.065920
360,203.850189,152.242722,16.243774,41.688568,0.078299
360,153.935364,143.360565,16.162689,42.122253,0.127170
390,202.893585,155.659454,16.681580,40.448669,0.297563
390,181.596664,152.830063,13.718231,38.141144,0.294946
390,176.979858,151.163025,14.648926,42.988281,0.092161
420,198.795135,162.737717,16.473694,42.956848,0.374132
420,204.216644,163.391815,14.833191,36.684601,0.784206
420,180.894073,157.823959,13.287445,42.174927,0.743067
420,174.938232,158.522385,15.556793,47.173279,0.185687
420,185.660507,156.875580,12.911682,45.441986,0.088384
420,168.433792,156.915161,15.436127,49.196381,0.053943
420,192.033249,161.810898,17.512207,44.383057,0.191236
420,190.071716,160.977371,32.729462,39.931366,0.252428
450,175.117783,168.997360,15.382751,39.600800,0.529182
510,461.047943,170.370575,21.702026,54.903717,0.981231
510,138.407028,165.545929,17.626038,43.805328,0.068723
510,481.546539,182.626633,15.997070,40.684387,0.052984
510,444.873779,174.775543,45.703491,60.246979,0.166138
540,240.570282,172.198166,22.305237,55.041229,0.983402
540,248.950287,177.849609,20.567505,49.393188,0.275977
540,257.119232,180.878357,18.797913,45.660980,0.351994
540,163.262970,168.772583,14.950043,37.641541,0.782461
540,233.829697,171.756088,21.210785,54.041687,0.247606
540,154.507751,168.622421,30.888275,38.025238,0.058542
570,144.201019,167.340927,16.093567,39.373505,0.180001
570,367.805267,175.199371,19.705383,33.636627,0.206062
600,123.067291,165.187622,14.715759,37.488342,0.168439
630,49.311478,165.105347,18.586037,45.624725,0.281113
660,33.587006,170.193222,19.644501,49.316193,0.121123
900,556.615967,185.026917,15.747070,39.739502,0.185272
930,466.408386,180.986206,15.966309,40.901459,0.096585
930,141.469910,173.693222,18.811951,41.820831,0.327828
960,77.903107,162.345093,22.513062,52.856628,0.684470
960,466.779114,169.846390,18.801025,45.203003,0.090182
990,471.112213,175.242126,14.175171,34.938446,0.180817
990,485.558563,167.003586,19.200867,46.207642,0.603897
1050,610.230774,168.692856,26.091309,60.109100,0.287368
1050,228.426086,153.386322,16.777039,39.937866,0.050976
1110,601.083557,130.234940,22.859741,59.911499,0.063107
1110,331.716217,151.517838,17.933044,41.051025,0.075360
1110,477.379425,140.585602,15.985840,38.664520,0.105290
1110,606.241333,126.505402,29.550659,67.529663,0.689717
1110,38.701702,141.942856,19.572960,51.480743,0.108377
1110,611.324707,146.608383,22.125854,42.180267,0.111267
1110,69.465164,142.613556,17.263596,49.967194,0.051246
1140,12.220731,119.098564,25.860729,62.382729,0.060279
1140,0.313133,110.989487,30.029892,82.061584,0.285747
1140,38.369061,122.837868,30.702061,76.890251,0.635657
1140,40.353123,133.532959,24.813663,45.482971,0.077400
1170,37.577629,122.193336,23.546165,56.097786,0.744835
1170,75.061951,118.630501,24.183350,66.426170,0.832887
1170,309.205444,141.076248,18.865784,48.507751,0.213972
1170,463.828461,123.306549,27.450989,65.000092,0.201000
1170,72.438141,116.453621,34.986008,91.839317,0.068558
1170,4.331306,127.855782,20.239666,55.463768,0.067781
1200,569.623413,131.696701,16.897583,42.022949,0.106165
1200,213.283585,141.005142,20.696442,48.509583,0.330711
1200,206.601608,135.937759,17.344818,46.914520,0.056313
1260,61.105026,148.137787,22.344986,59.018738,0.296772
1290,28.064869,158.319885,20.270264,54.308228,0.291064
1290,16.627323,153.685059,28.489544,65.041901,0.059983
1320,17.039186,155.910675,28.778883,70.795868,0.495198
1320,586.192993,158.693085,15.511841,39.307922,0.120676
1320,7.808989,152.252472,29.159639,80.549469,0.108936
1350,587.186584,159.661591,13.967285,39.930511,0.162791
1350,15.596418,159.031677,27.044542,68.356140,0.815605
1350,8.493690,155.210617,24.841255,65.094421,0.153715
1380,16.450420,158.037079,27.317894,69.539490,0.332594
1380,588.354248,163.108002,12.598755,35.416107,0.101174
1410,16.676685,159.603058,26.137909,64.952118,0.210174
1440,587.987122,160.729904,13.105225,42.016144,0.387790
1440,212.250778,148.971313,42.605194,104.945435,0.052257
1470,15.207692,161.324280,24.542900,61.832123,0.376367
1470,591.474182,169.506119,11.758789,35.564911,0.058126
1470,6.661271,154.863983,22.380383,58.844452,0.070036
1500,15.838433,162.838791,24.117222,61.915771,0.471689
1500,589.144287,170.342621,12.850708,36.752350,0.117435
1500,9.406936,160.773346,22.612076,58.817749,0.082457
1530,16.984070,160.197052,26.162415,64.930511,0.713419
1530,6.634699,156.779053,23.063816,60.207611,0.189195
1560,587.940674,169.241867,14.409668,36.346130,0.631183
1560,16.363140,160.536270,25.596539,63.621704,0.131732
1590,589.643311,169.735001,12.924194,34.753052,0.080657
1590,16.600742,160.627502,26.334694,66.150208,0.365735
1620,14.558654,162.928467,24.605900,63.397308,0.174751
1620,7.560228,160.480560,22.346493,57.798920,0.097810
1650,588.656494,171.023010,12.785889,34.626373,0.211009
1650,16.845875,160.745880,24.917721,62.344604,0.323832
1650,10.101706,161.891022,21.261635,61.058014,0.070405
1680,589.915161,169.370880,13.124878,36.594604,0.571276
1680,17.887699,162.323532,23.680515,59.303619,0.248643
1680,9.761612,162.992615,21.454048,59.268280,0.056011
1710,589.222839,167.797256,13.266724,36.577545,0.481858
1710,593.323059,169.012405,13.167358,39.207397,0.125905
1710,18.155357,160.885117,24.109886,60.767273,0.201387
1740,589.791199,170.227081,11.943970,35.748566,0.202134
1740,16.690136,159.641556,25.267746,63.245209,0.090779
1770,16.450029,161.618073,25.335440,62.650726,0.184103
1800,14.366752,164.531967,24.553104,61.357086,0.152049
1800,590.423584,169.335815,11.116699,37.428284,0.154825
1830,16.078888,164.514282,24.550392,62.136261,0.153681
1830,9.961622,161.925232,23.020922,56.169006,0.585683
1860,594.315308,163.031906,12.148682,39.350037,0.051750
1860,13.033267,154.970856,22.860439,58.636719,0.620706
1860,4.484265,152.335098,24.927528,60.504700,0.220711
