30,514.134460,167.388931,33.674194,81.035980,0.995081
30,499.929810,173.414749,31.028931,75.898376,0.936663
30,0.000000,177.871887,26.408669,65.422821,0.366490
30,431.844116,179.421524,20.804199,49.922760,0.342476
30,466.222382,169.439270,29.984680,70.257782,0.885796
30,437.804504,178.414246,22.561646,53.409271,0.064418
30,104.401726,190.730835,15.221848,38.034271,0.079084
30,473.454926,169.432388,33.287781,82.017731,0.068471
30,449.058167,174.782669,67.124451,64.923828,0.289981
30,481.096832,172.963440,63.942230,76.413422,0.148945
30,414.262299,176.873962,57.748291,53.504974,0.065426
60,501.376007,176.982529,28.451874,67.550110,0.959026
60,459.291565,168.680267,30.670593,73.628723,0.979989
60,433.153687,179.782639,21.355103,49.904388,0.640109
60,512.279297,175.656906,28.762085,69.486816,0.977332
60,84.964081,193.876495,15.950729,37.409821,0.167870
60,64.950958,187.539185,15.122391,39.714355,0.413840
60,469.441345,168.204697,32.343994,77.312592,0.179351
60,442.186188,174.850128,24.798767,60.739868,0.068157
60,448.747986,171.358704,28.087219,67.189240,0.083045
60,57.460930,187.818741,17.887924,44.813995,0.074877
60,490.635284,176.666443,61.142670,69.181671,0.542475
60,443.750610,169.507126,61.746216,70.051086,0.428723
60,409.725586,173.271133,61.429688,56.774323,0.066600
90,505.509552,175.153854,26.650604,64.291779,0.982456
90,459.548859,171.148590,29.893555,72.241089,0.987429
90,472.687500,172.097458,29.827698,72.353607,0.330577
90,433.106415,177.751114,22.006104,53.278839,0.908135
90,443.336548,175.297668,69.097961,67.561249,0.654850
90,466.150604,174.642120,70.360748,69.112122,0.310849
90,421.278198,180.656830,51.509949,51.955505,0.170659
120,498.876343,174.403732,32.895996,79.829956,0.995740
120,433.502136,179.592850,22.173462,52.885437,0.866521
120,464.830750,165.643921,35.471619,84.170074,0.909795
120,460.724548,175.242691,25.875061,67.324310,0.053543
120,0.638023,174.710098,25.219147,72.112366,0.152337
120,468.010529,175.148590,68.930511,72.005432,0.218702
120,442.922241,175.656342,70.743774,63.783691,0.126147
120,417.475159,180.417999,53.713928,50.673126,0.110254
150,513.039551,175.152771,32.430786,78.527313,0.998777
150,467.936951,178.909515,25.641785,62.095367,0.960002
150,453.326050,178.055573,26.893616,62.458710,0.149694
150,0.000000,183.844040,20.541367,61.792145,0.299310
150,409.639191,182.617920,20.067383,48.438293,0.204940
150,455.206573,179.523407,57.189667,61.821167,0.211794
150,435.475342,175.872253,128.562683,64.090881,0.104599
180,400.401703,182.114441,22.356323,53.981506,0.893134
180,528.383972,173.137726,33.387573,83.286469,0.998043
180,473.993744,174.560989,27.159302,65.754639,0.963733
180,410.629395,182.281036,19.140076,48.231232,0.134966
180,465.311035,176.922562,26.657471,63.660583,0.258029
180,518.544312,175.520782,30.662231,77.978149,0.074337
180,507.334717,180.957275,25.994385,66.622803,0.078926
180,413.700653,180.721970,29.832153,43.240479,0.117277
180,462.703247,175.508682,55.669983,62.878815,0.286025
180,392.205322,179.484360,48.232300,53.707123,0.080018
210,550.495850,168.771423,39.231567,96.491211,0.998746
210,515.898193,169.469681,39.721069,95.874252,0.992032
210,397.583679,181.983551,23.926575,56.040497,0.413800
210,475.872711,180.191025,25.726990,62.094910,0.968639
210,406.898651,180.699814,20.894104,51.516449,0.075921
210,389.782959,180.285187,22.288940,53.077972,0.059180
210,414.414215,181.591583,18.936340,46.102997,0.092957
210,544.945312,169.451660,28.739136,92.066254,0.093587
210,386.453522,181.339325,47.639160,51.528259,0.091291
210,459.941040,180.687653,52.095520,58.148529,0.069454
210,508.333038,169.239182,90.262909,92.684097,0.742478
210,441.661835,171.858490,162.319672,74.363953,0.099809
240,588.087158,161.264130,46.828613,112.613892,0.998791
240,408.566162,179.907913,24.779480,60.067383,0.937350
240,417.827850,180.890030,21.176758,52.425354,0.132187
240,7.635032,178.221222,21.195305,59.160187,0.181074
240,552.415955,163.600983,44.078491,106.720520,0.991250
240,441.931427,185.762756,19.319214,49.123352,0.072219
240,15.082772,184.966537,21.397106,54.474060,0.097661
240,458.030121,181.497269,23.682068,61.339081,0.570714
240,479.392822,157.260513,34.107910,85.541260,0.091733
240,543.338745,163.838501,93.256714,110.874969,0.738975
240,401.206299,180.717224,56.088074,52.132874,0.074882
270,601.466492,149.108032,38.533508,138.184113,0.972394
270,436.400696,169.281784,30.237183,72.807556,0.996034
270,469.901917,176.377930,26.197815,62.026764,0.974751
270,491.040985,159.730835,35.402557,87.171356,0.061751
270,428.933624,172.998840,69.743469,65.189240,0.297226
270,460.413208,172.079071,57.858765,69.274567,0.359094
300,476.906586,169.628647,31.915649,75.121857,0.981800
300,468.090179,175.736328,26.557373,66.004944,0.767924
300,486.757019,167.674698,32.085571,81.388336,0.200832
300,392.709503,190.598831,15.873962,40.982513,0.440090
300,520.744019,164.245575,25.689941,75.874664,0.058186
300,596.317810,147.384659,42.409424,154.898239,0.070416
300,457.738159,170.378372,77.816956,76.183838,0.294253
330,475.754547,171.879425,28.845032,71.216949,0.827672
330,467.483185,175.993576,26.691956,64.927673,0.957277
330,457.860291,181.588165,24.939758,58.374084,0.124299
330,226.860367,176.915497,16.256104,43.100281,0.140195
330,504.113861,156.729889,41.732574,103.373474,0.230229
330,489.692688,163.284119,37.727661,90.249084,0.959367
330,466.737427,171.433075,71.297424,76.571686,0.481554
330,454.716064,179.311539,54.682434,62.243988,0.448444
360,469.033051,164.213013,45.248810,109.288849,0.996741
360,444.499329,181.136200,20.825684,49.151520,0.247686
360,536.087952,163.709717,39.387817,102.190552,0.091278
360,459.223053,172.794724,34.313477,87.048416,0.088740
360,530.366943,167.276352,27.267334,81.437103,0.429171
360,490.831390,173.859680,31.103241,82.091370,0.059084
390,377.104767,148.975220,69.948425,169.276337,0.997148
390,493.451019,171.639771,34.279816,89.426910,0.705742
390,353.382172,179.910568,22.446106,55.352448,0.061717
390,221.626740,177.757660,15.498688,43.197021,0.078737
390,471.000458,178.784103,29.628235,73.522247,0.599986
390,376.247589,155.210678,45.135681,111.807755,0.238962
390,475.593201,163.458649,39.915527,92.954254,0.093059
390,461.650818,179.413330,69.647217,71.245544,0.068189
420,224.727570,139.363144,85.736572,204.700516,0.998181
420,501.078918,170.649170,35.010376,83.701813,0.995661
420,416.106873,189.273575,17.694397,45.044891,0.076756
420,390.601624,185.005829,15.810791,43.897095,0.066756
420,399.877533,190.621445,18.409790,48.936432,0.104970
420,227.688080,147.036270,45.829102,126.275436,0.095778
450,553.685913,170.679153,39.583862,95.371323,0.994238
450,525.187561,176.831055,34.515747,88.594269,0.981884
450,0.000000,133.000580,71.667221,247.374146,0.976761
450,376.511475,195.830780,19.890320,44.828156,0.103718
450,440.663177,191.607208,19.319153,53.576874,0.133166
450,592.934570,123.741356,43.196167,158.685883,0.056031
450,543.991455,161.323288,79.546631,109.682571,0.560454
450,535.295349,172.000351,38.708862,91.304337,0.294644
450,507.753723,176.969025,90.716797,89.545319,0.053944
480,575.502136,168.768677,40.981934,98.491943,0.994442
480,546.158630,172.811951,40.312866,97.230682,0.990436
480,434.903015,195.495956,15.361450,38.978241,0.515171
480,438.645538,198.081696,17.307129,42.565979,0.147548
480,420.833496,195.918839,14.558289,38.037354,0.096305
480,458.119537,197.303345,15.960632,40.101196,0.094547
480,117.464279,196.848068,13.260101,34.666138,0.053768
480,384.983704,195.818283,18.699646,49.779907,0.090302
480,428.285797,195.103546,15.436890,39.838867,0.509963
480,533.993652,172.796906,87.283325,94.749146,0.154241
510,442.309296,190.922913,15.956970,38.596008,0.571066
510,68.347954,190.589905,15.477676,38.448059,0.436966
510,425.176178,190.582153,16.585449,42.354004,0.156057
510,564.710144,160.447235,43.651123,107.326569,0.984718
510,578.695801,153.467987,47.369263,115.350525,0.982117
510,438.312714,190.343689,12.176208,39.723083,0.113254
510,107.727341,187.586761,14.688721,41.513000,0.164375
510,553.107422,170.063507,38.369141,94.632599,0.079331
510,597.011841,160.638947,36.234985,106.918549,0.054665
540,587.963989,158.552063,45.876587,111.936249,0.972808
540,55.275620,193.153503,15.332115,37.129761,0.880289
540,541.107666,197.879150,20.114746,49.172424,0.058474
540,609.838074,156.191650,30.161926,112.384094,0.595497
540,536.134216,193.652832,17.333008,44.968140,0.600090
540,531.922607,199.246414,23.646606,57.968491,0.105934
540,530.013000,196.768677,17.011108,39.948029,0.051530
540,552.994080,166.249634,87.005920,98.477051,0.087925
570,458.865448,183.327209,20.884705,50.616852,0.995582
570,466.974304,188.212250,17.742310,45.658081,0.606197
570,452.053040,184.833405,19.893433,49.252411,0.334713
570,575.076599,157.607880,60.941040,147.962128,0.982161
570,473.965942,190.390244,16.826294,43.443512,0.272581
570,42.232113,193.679367,14.700729,38.124054,0.933762
570,89.171837,193.406723,12.551300,34.162567,0.063277
570,603.617065,160.145386,36.382935,144.609222,0.139205
570,195.168854,183.569672,13.426575,36.535065,0.063353
570,589.379944,144.054871,49.355957,117.329834,0.082974
570,580.602051,174.734909,45.727783,85.513199,0.097022
570,573.763611,181.396591,34.761108,93.377487,0.062518
570,441.345886,187.275208,47.331482,51.429199,0.057948
600,24.356228,193.035233,17.018433,42.663177,0.986999
600,541.475037,191.045135,20.661621,52.064819,0.108251
600,568.127869,190.109451,17.455200,43.890350,0.837534
600,99.693916,191.680771,17.481232,42.541260,0.303411
600,238.666290,177.856430,16.249390,40.075500,0.174004
600,529.274170,194.451187,48.253662,48.229675,0.060537
630,528.952759,176.166412,27.451904,66.980377,0.998241
630,451.592804,190.477509,18.467163,44.828125,0.930893
630,507.345184,188.383560,19.869537,49.291595,0.880409
630,487.500153,189.911407,18.474976,44.956787,0.769592
630,472.596527,191.971863,16.549316,41.740936,0.785007
630,464.314880,188.725586,18.846130,46.130615,0.537798
630,480.520721,190.533249,18.483093,45.029541,0.373887
630,458.194550,188.843613,18.502808,46.031525,0.284470
630,25.365263,183.617584,20.352434,53.069794,0.251331
630,32.497761,183.711945,22.429565,53.512634,0.172520
630,251.727432,180.471878,14.339584,35.255707,0.200290
630,514.203918,184.216354,22.317993,54.442780,0.151069
630,589.601379,185.582336,20.976440,53.287506,0.273462
630,501.119080,185.151917,20.591309,49.580505,0.065673
630,65.749123,187.072372,16.127975,39.881744,0.143577
630,84.056259,187.796844,18.647736,38.241425,0.803748
630,486.414673,193.157379,37.527893,41.793610,0.060807
630,458.522339,187.869537,51.938599,47.095581,0.484814
630,466.770569,188.568970,78.204407,46.743134,0.551193
660,594.386292,171.053802,33.878418,83.435242,0.997365
660,21.182156,191.861633,22.999199,55.072754,0.890465
660,256.671570,177.616531,17.296326,43.519714,0.762956
660,505.594482,190.041687,22.240723,55.318481,0.426815
660,536.432678,189.563156,21.305176,54.987244,0.510360
660,12.425722,191.592682,33.741455,81.156097,0.509330
660,0.000000,186.741730,15.183374,73.409332,0.071345
660,514.948792,190.233063,21.805176,53.930084,0.226963
660,276.791656,163.350998,18.885498,49.027588,0.123192
660,619.805786,167.939728,20.194214,76.361389,0.115238
660,575.026367,173.242157,64.973633,75.336853,0.064928
660,499.849365,185.077087,51.665161,60.911407,0.066688
690,244.993958,173.647919,16.223145,45.024475,0.073555
690,215.023224,179.427063,15.085236,37.262329,0.183468
720,232.655563,168.495911,19.111053,45.554108,0.504263
720,26.426949,171.184784,24.370865,60.892914,0.290889
750,368.953613,170.450119,13.378845,50.566284,0.227363
750,380.786163,165.423599,21.528259,57.112305,0.053247
780,443.866882,163.488770,29.305420,73.099426,0.981917
780,426.354492,174.136887,27.520325,67.180145,0.957676
780,361.700012,183.098419,14.375854,41.452057,0.128691
780,432.257568,164.873749,34.059692,79.398102,0.159890
780,175.502441,186.155136,17.151154,38.050964,0.056155
810,422.145905,175.405426,29.104248,70.463562,0.857920
810,473.720337,174.461853,32.671692,79.543823,0.898255
810,434.228729,168.769806,33.188538,80.237518,0.976301
810,25.326523,196.612656,17.511894,45.733063,0.063207
810,461.141357,172.353287,33.189941,79.623413,0.442785
810,519.224548,183.247131,23.861572,63.420654,0.074887
810,206.878174,177.635895,20.441620,48.872498,0.155332
810,507.993896,178.010666,30.048218,72.644775,0.223363
810,442.542023,173.088043,72.657440,77.621582,0.251848
810,464.415253,177.601440,74.699066,72.177490,0.063052
810,420.085815,169.838623,64.362061,81.796234,0.353974
810,490.596466,170.922058,35.334442,82.058441,0.164473
810,478.733643,199.257660,22.012451,57.256744,0.091800
840,431.637787,176.000549,36.998779,91.981293,0.969048
840,445.126282,179.200043,35.483643,86.400726,0.612774
840,464.018005,184.620422,32.398010,77.240051,0.330489
840,407.289612,182.581360,30.883789,73.073792,0.724958
840,505.358002,192.001373,26.149506,65.411224,0.395658
840,491.597198,185.496796,30.540375,72.739807,0.057613
840,580.405640,186.306915,26.334473,69.826202,0.127761
840,433.809235,182.948990,92.272247,76.857773,0.129606
840,398.836456,182.502045,81.053894,84.009399,0.179374
840,473.683350,182.616974,34.664856,80.329651,0.169852
870,551.742065,193.241653,32.983398,80.308243,0.993355
870,434.750641,186.722534,36.894897,90.418976,0.900193
870,390.321259,186.796265,33.069824,77.440948,0.063596
870,485.511902,200.781860,29.270020,73.882202,0.068102
870,418.470337,187.172287,31.920410,82.543259,0.613980
870,378.064697,189.118744,32.046631,80.849670,0.912363
870,363.807556,187.421463,82.933838,78.978622,0.068089
870,472.934570,191.417130,35.275391,84.386429,0.097107
870,500.119537,198.190033,31.748810,77.272247,0.057652
870,403.142731,187.820374,92.379578,85.181702,0.239710
900,483.164001,202.161743,33.336853,81.901611,0.972290
900,346.934265,197.346619,34.732422,84.023010,0.573452
900,389.188263,200.795242,36.552185,85.999222,0.624287
900,412.569885,206.035934,33.717285,79.274124,0.395062
900,303.251556,198.239883,32.117188,79.459000,0.952833
900,293.714783,202.608093,28.972595,69.571869,0.104892
900,441.106506,208.284729,29.317017,71.371552,0.570089
900,363.675659,204.594086,34.712280,84.429657,0.578051
900,382.258209,203.596222,70.714722,80.170044,0.329543
900,374.732178,196.760040,39.879578,96.042847,0.077796
900,292.927795,199.048218,88.916199,81.256348,0.088243
900,338.220398,199.710968,93.503296,86.154205,0.437568
930,197.322891,198.165176,35.778778,90.104507,0.766846
930,6.852989,189.904327,34.983414,87.153534,0.100153
930,154.921158,203.766418,32.971863,80.994202,0.364514
930,62.440392,199.021820,36.141068,90.784668,0.443056
930,118.968582,194.579498,40.874634,102.691101,0.401067
930,50.500626,196.032440,33.364944,85.817505,0.112771
960,132.805130,172.092224,44.798157,113.895630,0.967716
960,567.216614,187.358551,22.096313,58.440399,0.172658
960,305.333252,186.294159,33.301575,85.381592,0.064481
960,466.190918,166.752258,29.130432,75.470673,0.131580
960,476.183533,164.511200,26.630371,73.437622,0.063983
990,597.697754,191.869827,20.630859,49.393677,0.359564
1020,406.393005,192.738739,21.376404,54.095978,0.970257
1020,489.356659,183.313599,33.628448,78.161499,0.096814
1020,25.252716,212.935654,16.145569,40.976166,0.227405
1020,69.559944,210.388229,13.749374,40.456055,0.061683
1020,475.131470,182.096771,27.027283,70.605621,0.096318
1020,534.599487,195.653244,32.316162,74.062088,0.073123
1050,421.903381,189.370361,20.675537,51.495575,0.931303
1050,519.700989,180.182755,34.260010,82.766220,0.056139
1050,487.589294,182.977341,19.649719,46.838745,0.334971
1050,534.322144,187.115997,25.976196,67.888824,0.467286
1050,513.327209,185.499161,63.994385,69.745392,0.073374
1050,538.414062,177.544159,36.234985,91.285065,0.066853
1080,441.477112,184.385330,25.099792,60.622406,0.984649
1080,36.570438,203.739014,17.511726,44.457367,0.515104
1080,486.364227,180.652435,20.537292,49.623108,0.526705
1080,511.902893,178.468414,21.627319,51.664185,0.177161
1080,538.888062,180.188019,18.892700,48.257507,0.056538
1080,8.673141,196.350510,19.278641,52.517548,0.078213
1080,426.379028,180.794434,16.429260,50.190948,0.137253
1080,479.404175,189.688705,38.265930,39.024048,0.110082
1080,471.747955,181.704987,56.229523,61.919159,0.104507
1080,4.700680,198.415329,40.379101,50.473602,0.096554
1110,469.022614,180.071045,23.060242,57.450958,0.998748
1110,501.636475,175.205917,24.219849,59.906250,0.969404
1110,461.336395,181.864334,21.579590,52.433472,0.198774
1110,456.014160,184.414169,19.244873,48.205414,0.149381
1110,447.888184,178.806732,20.982971,52.672943,0.130183
1110,522.867371,166.397675,32.740723,82.941864,0.075612
1110,546.594177,158.332993,29.580933,73.284790,0.740194
1110,532.766846,159.339539,38.092773,95.756958,0.126469
1110,517.194580,173.784851,25.489746,66.546967,0.347454
1110,441.820496,180.305771,20.102844,53.041077,0.059470
1110,505.816528,168.321930,71.210327,70.534424,0.053743
1110,492.753998,172.368668,44.048859,67.843018,0.537194
1110,462.875427,169.220901,144.517944,69.242004,0.294145
1140,490.975098,176.706024,27.671082,66.655487,0.999055
1140,540.697754,175.461868,25.309204,62.039520,0.949983
1140,481.746674,177.019104,24.903442,60.211823,0.060329
1140,513.576233,174.282562,22.256714,56.820374,0.778521
1140,503.844238,172.666245,27.478760,69.469727,0.316093
1140,550.254944,172.348190,25.920410,64.920990,0.201305
1140,531.990479,175.306625,25.272095,60.852570,0.150029
1140,482.767761,174.317047,69.111694,65.523102,0.192804
1140,523.417847,177.310165,57.454956,60.398926,0.463925
1170,533.066589,168.021942,34.287476,83.101776,0.996684
1170,507.778290,182.156479,19.624054,51.057587,0.506117
1170,584.210388,169.999207,25.608032,65.375610,0.793064
1170,519.903076,172.826950,24.764771,64.031219,0.900175
1170,483.562195,178.586075,22.473083,60.333221,0.115921
1170,566.503662,171.714966,20.049316,48.204529,0.071328
1170,603.045959,155.442276,31.954468,90.419373,0.319480
1170,512.295410,176.783615,23.066895,55.621063,0.292752
1170,590.820251,162.216965,34.358887,80.452240,0.501550
1170,520.727356,167.902649,69.691895,78.430206,0.109291
1170,510.558960,173.330566,50.056396,68.330383,0.261138
1170,565.228760,169.453995,64.215820,65.069763,0.148268
1200,0.000000,161.065826,31.321354,88.757965,0.973490
1200,553.724060,160.730621,32.170166,78.921265,0.635007
1200,548.378113,171.369202,24.479126,66.778381,0.304515
1200,566.673218,166.134460,29.868164,73.057739,0.993685
1200,610.946777,152.643723,29.053223,103.217224,0.911939
1200,533.004822,165.269241,34.435181,79.088623,0.069890
1200,497.853760,157.193344,35.245483,88.445801,0.069166
1200,593.884033,162.601685,25.467407,63.899139,0.241772
1200,593.824463,134.484589,46.175537,160.518616,0.120513
1200,549.356873,166.874954,62.347046,69.765778,0.379206
1200,513.457458,163.253647,126.542542,80.622681,0.144211
1230,34.456459,182.842361,19.075943,45.503052,0.083312
1260,412.164673,172.995316,18.334290,53.815430,0.799329
1260,121.986153,183.490250,13.636314,41.242676,0.846058
1260,182.478882,190.366623,16.743134,41.545410,0.068086
1260,418.561951,174.301788,22.987183,57.735352,0.090835
1260,407.723877,168.254333,31.347656,71.879669,0.073156
1290,426.512177,183.198975,19.556702,52.053467,0.495223
1290,418.876190,182.238220,16.178345,49.296570,0.099761
1290,436.625732,187.260330,18.671204,48.300110,0.234362
1290,409.374969,184.839874,16.096619,45.859680,0.140418
1290,85.830032,180.820312,19.455093,57.123169,0.134929
1290,117.653229,186.366547,26.986267,43.003052,0.070861
1320,458.695129,181.449493,24.478210,58.493134,0.915425
1320,443.106812,183.299835,20.573364,53.035950,0.691301
1320,77.567108,191.618896,15.842758,45.180634,0.354449
1320,437.680481,183.603226,18.077881,45.351501,0.187024
1320,158.860504,193.717865,15.439972,39.790344,0.658203
1320,448.689880,176.806961,26.774231,65.735199,0.511340
1320,49.608810,188.221710,20.079559,48.708862,0.140110
1320,263.036713,189.617508,16.579468,40.250610,0.050394
1320,466.553528,179.272888,24.990417,59.486694,0.080219
1320,86.626305,195.057617,15.950607,39.371338,0.075885
1320,416.452240,181.029648,18.445923,46.169006,0.118446
1320,43.971672,193.721268,20.024895,40.327454,0.050903
1320,434.805878,179.896194,53.204895,56.610779,0.166447
1350,473.113922,181.488205,18.661987,45.991577,0.949864
1350,38.474556,196.786911,19.024071,45.273956,0.898576
1350,463.757965,181.191879,17.606934,47.064148,0.694985
1350,430.080566,181.032761,15.780151,39.707581,0.696439
1350,186.219299,182.843445,18.092133,43.051605,0.377797
1350,46.241478,194.966431,16.856689,48.121857,0.177056
1350,508.105743,172.058975,35.921051,83.610657,0.780300
1350,455.593628,179.946335,20.833191,51.227417,0.062617
1350,435.473907,182.322571,16.053589,39.913025,0.271443
1350,526.522583,170.191040,33.313477,85.033844,0.721462
1350,32.561615,197.340240,18.321487,45.764679,0.705119
1350,135.620941,200.251419,16.129730,38.659912,0.824738
1350,424.047729,180.988037,13.452148,42.481995,0.085882
1350,439.251129,177.548645,18.168823,50.094299,0.051648
1350,3.652498,191.376892,20.719074,54.909607,0.074839
1350,5.210619,187.267883,36.050102,59.246460,0.060615
1350,510.163300,170.503296,69.954254,81.179291,0.061227
1350,18.256699,193.394211,46.095726,51.362335,0.052273
1350,455.919983,180.644745,41.592590,51.066376,0.166113
1380,519.644897,182.726212,19.893921,48.421936,0.978760
1380,449.593536,180.184525,13.552917,44.832520,0.580601
1380,487.715118,183.931000,21.280212,51.467804,0.789028
1380,462.058899,182.691162,15.334229,39.696075,0.670897
1380,598.411316,146.945557,41.588684,125.486938,0.547182
1380,468.999420,183.086914,15.916382,37.467499,0.340487
1380,180.575134,183.064590,17.074280,43.647278,0.762520
1380,424.326843,186.617828,15.181824,40.093231,0.534595
1380,456.047577,182.439667,12.447876,42.680328,0.293237
1380,445.273865,182.701645,11.964539,43.340637,0.052517
1380,555.712952,177.508942,22.272705,53.871979,0.351906
1380,587.897827,72.589348,52.102173,219.800873,0.526987
1380,2.465577,195.915070,21.304451,53.179749,0.077960
1380,462.631226,182.322464,65.104004,44.657959,0.137261
1380,446.515747,181.416153,46.958496,41.218872,0.079653
1380,485.071747,180.854248,57.888763,56.692444,0.071611
1410,482.017303,174.406647,19.704651,47.078644,0.943669
1410,463.491943,174.305939,20.026489,50.036743,0.979921
1410,490.052216,175.749176,19.482910,47.426605,0.415421
1410,549.476318,166.418732,30.869385,72.644897,0.987540
1410,475.068970,177.232864,16.908752,45.253571,0.154423
1410,386.322144,180.132126,13.909973,41.767944,0.231600
1410,538.040955,169.210129,28.793213,71.623322,0.304598
1410,531.972168,175.511475,25.597900,60.614777,0.091569
1410,154.515045,186.055603,16.059662,48.176514,0.215121
1410,524.884827,182.871475,20.200073,49.878448,0.060144
1410,68.677299,190.925385,20.841125,49.610504,0.243713
1410,609.614807,147.593079,30.081665,97.035309,0.932059
1410,402.178650,180.026367,14.754150,40.567657,0.205357
1410,305.980896,188.214996,14.817444,36.228516,0.050662
1410,536.385437,166.290131,64.251587,73.875824,0.321434
1410,428.773804,180.982742,16.239868,43.167908,0.061243
1410,543.160522,150.133621,91.270630,96.779175,0.156272
1410,599.121826,109.437813,39.486084,151.399719,0.055314
1410,384.165466,177.749268,25.816589,46.549652,0.052772
1410,569.696838,142.410522,47.223877,112.998260,0.053142
1410,454.052948,174.543961,49.255066,48.937225,0.122146
1410,479.777191,169.619919,139.402374,61.570465,0.135201
1440,438.925995,183.322113,17.802368,42.752106,0.984974
1440,494.878479,170.571121,23.348755,58.493713,0.969044
1440,461.310852,182.551926,17.753967,43.981720,0.949519
1440,511.473145,170.767273,22.680176,56.382996,0.321353
1440,447.183624,182.398010,15.826050,44.315033,0.061350
1440,528.941956,163.428757,26.683350,65.586456,0.963090
1440,140.051758,187.871246,14.557983,41.269684,0.205396
1440,388.159210,178.181870,13.065247,41.347015,0.266505
1440,384.215668,176.468338,12.257263,44.319702,0.063732
1440,413.820404,179.192551,15.611023,43.272552,0.115004
1440,519.395264,165.579254,27.023193,63.289551,0.709749
1440,177.996460,186.836121,15.718170,40.274719,0.051447
1440,466.336639,179.125977,19.178772,49.695831,0.069563
1440,539.407654,172.505066,22.779785,58.523743,0.388089
1440,432.287415,178.975082,48.030823,47.972260,0.065086
1440,449.704742,178.475967,44.174622,50.316132,0.079320
1440,473.903961,168.772034,67.813995,61.682281,0.279590
1470,456.122772,177.975967,19.986450,49.648499,0.842070
1470,435.791901,174.705902,23.561218,54.490692,0.810625
1470,577.087219,157.102661,32.853027,79.564270,0.990725
1470,378.496979,178.780884,16.867920,40.041840,0.294731
1470,588.394043,157.828735,32.064697,80.674286,0.963316
1470,310.714020,180.810822,15.676392,42.772980,0.126233
1470,122.254395,188.789490,16.056244,43.466400,0.960629
1470,598.872864,170.033997,26.438843,65.315094,0.158639
1470,26.558546,197.417694,16.462564,39.801392,0.639463
1470,7.751995,186.883713,19.391747,48.198212,0.175506
1470,514.727173,176.399658,21.886108,55.572784,0.115050
1470,570.636230,164.357574,27.189697,71.642242,0.172910
1470,560.656555,172.945221,24.613770,61.434662,0.884071
1470,424.683746,178.078903,21.491455,53.553833,0.964836
1470,559.304932,163.313995,65.631714,73.172577,0.592647
1470,419.179443,174.114258,45.127319,57.104370,0.093019
1500,442.222290,170.829483,24.572937,59.796448,0.986320
1500,566.676086,153.190735,36.158325,87.868927,0.997405
1500,403.062012,175.183273,25.240662,60.173157,0.998087
1500,15.428374,195.221573,16.945663,40.560120,0.892899
1500,251.034637,173.549515,18.251831,46.856384,0.109796
1500,395.389191,178.095016,21.895752,56.518158,0.066000
1500,8.357579,192.265411,19.181202,45.695709,0.118428
1500,321.702057,181.517670,17.725159,42.684235,0.072043
1500,593.470215,155.131897,41.852905,94.680145,0.050913
1500,118.020210,186.936859,13.969521,43.104156,0.537349
1500,418.755859,170.671249,26.384644,64.971313,0.417012
1500,451.066803,169.946991,24.313049,59.446289,0.272735
1500,586.796692,157.846115,28.754639,80.441132,0.064961
1500,393.004852,173.302948,62.195251,62.194061,0.464961
1500,431.398529,170.512604,48.075745,56.476166,0.219231
1500,554.628052,151.306473,68.255249,96.062531,0.066543
1530,4.916544,195.296234,17.642281,42.885742,0.993980
1530,366.047058,169.314896,31.428589,78.184174,0.995088
1530,412.581451,165.418655,30.961548,74.333588,0.994232
1530,468.817261,168.192322,18.246948,45.011688,0.776581
1530,348.773010,169.839127,27.068298,70.978302,0.732203
1530,384.632019,167.079956,30.513550,75.466583,0.081784
1530,355.114746,165.835236,31.865723,81.386932,0.267371
1530,394.329407,172.634323,18.957214,50.266998,0.068932
1530,350.147675,168.490921,69.311523,77.126129,0.103550
1560,346.226562,160.534058,39.671204,95.786530,0.996493
1560,292.266602,169.254669,40.148071,97.324707,0.989746
1560,260.072876,170.108612,36.439697,89.921875,0.973703
1560,256.790405,173.803009,27.429443,69.293762,0.095099
1560,252.504883,176.610229,19.395081,52.581207,0.056019
1560,591.630432,171.514572,16.224243,40.186157,0.699311
1560,462.268707,172.229340,21.983765,50.722198,0.070018
1560,252.684357,171.360519,73.591614,88.841721,0.067188
1560,309.596039,168.265793,34.151794,87.984451,0.089563
1560,470.315582,170.593246,22.903625,50.659088,0.280756
1590,452.993744,161.213364,24.266663,59.928223,0.998004
1590,365.087646,176.847488,18.261353,44.933319,0.985630
1590,334.930023,175.081360,19.037537,46.703430,0.960796
1590,265.265900,154.529144,47.401062,114.174011,0.994229
1590,151.600357,163.492844,38.940460,105.202927,0.996332
1590,193.355591,159.857468,49.787903,123.605087,0.995271
1590,616.114380,163.315781,16.566040,43.326416,0.640027
1590,372.213348,177.094254,17.309509,45.027710,0.145875
1590,282.533447,160.517426,35.189331,86.960724,0.222931
1590,498.170288,166.523666,18.787659,45.350891,0.666214
1590,608.642395,160.281433,31.095703,49.905548,0.065371
1590,156.801315,159.003113,96.617798,115.079132,0.651469
1590,317.417725,171.702118,61.138489,50.485413,0.053650
1590,236.249847,158.447235,99.316162,108.541809,0.149443
1620,329.308960,174.516708,18.344055,44.242859,0.988077
1620,294.792084,172.505554,20.355347,48.318787,0.980887
1620,45.656078,147.138641,61.646976,147.576569,0.998889
1620,147.331528,143.344421,56.163910,136.317139,0.998683
1620,228.839569,164.342377,23.558685,57.304047,0.966377
1620,253.027527,161.390167,23.934265,60.896637,0.953434
1620,0.699499,142.108749,55.922089,137.976089,0.970755
1620,524.131226,157.677444,23.377563,55.649353,0.942716
1620,336.500854,175.774597,17.409424,42.744476,0.069080
1620,288.623962,172.744980,17.593750,50.849701,0.110095
1620,0.276528,142.187424,31.162476,118.773880,0.101714
1620,406.939423,169.267044,15.335083,44.943237,0.051355
1620,128.045776,154.656204,38.035431,99.934021,0.111558
1620,132.522308,146.758835,51.090759,126.097946,0.142432
1620,0.000000,144.816147,131.245880,142.680313,0.683369
1620,133.289810,163.235779,25.239899,69.268219,0.818423
1620,301.415222,172.331207,20.213623,47.042480,0.339030
1620,106.949112,154.542221,111.050781,115.099014,0.088178
1620,234.591888,165.547119,58.386658,59.605591,0.188123
1620,199.319214,165.406509,144.010193,56.447296,0.138845
1650,288.494904,174.070450,20.780029,52.217194,0.985805
1650,255.675415,171.824585,22.447998,55.957916,0.976176
1650,4.307877,140.672806,63.675476,155.376816,0.998992
1650,215.232925,160.704254,29.269714,72.512939,0.980520
1650,161.721680,173.369049,24.676270,59.172150,0.989432
1650,185.233597,177.349686,20.668243,51.216553,0.928841
1650,300.125183,177.458359,19.894043,48.170166,0.663999
1650,569.539856,160.516388,19.923462,50.478638,0.371701
1650,274.793640,173.515442,21.411316,54.567139,0.099742
1650,447.772186,173.375137,21.600159,52.966095,0.166292
1650,156.431427,177.440704,20.740906,53.365448,0.169114
1650,205.042389,163.594406,28.264130,70.120880,0.644227
1650,169.542358,171.984528,25.874542,60.344604,0.389473
1650,413.517090,180.545395,17.826111,41.815582,0.058408
1650,2.095968,151.234665,35.768051,132.247025,0.109316
1650,140.761200,179.044525,16.009186,45.152374,0.051111
1650,263.875671,170.668121,22.084045,56.532532,0.147606
1650,153.349197,173.181046,54.511932,58.744080,0.585775
1650,214.949280,164.638885,70.730896,66.571960,0.066557
1650,194.120300,163.816895,63.341827,65.843658,0.468858
1650,247.803360,169.959351,45.627182,54.659729,0.430828
1650,276.459137,174.871124,44.697083,52.244507,0.056847
1680,522.950317,184.403351,16.067261,39.635101,0.905239
1680,415.800232,179.594513,20.277649,49.592621,0.729576
1680,242.667969,180.383789,24.243103,57.803894,0.118242
1710,93.102676,184.605133,25.178604,61.719330,0.996403
1710,202.272263,181.032135,23.337341,58.705261,0.979944
1710,159.879272,180.869766,24.601105,61.012085,0.934712
1710,52.174171,184.259460,25.987213,62.558746,0.995848
1710,139.444962,176.427307,27.302826,67.425629,0.953812
1710,84.434448,183.095200,25.107224,61.001160,0.050902
1710,208.846375,174.441269,25.300262,62.732849,0.220235
1710,168.092987,179.578934,26.164276,64.477966,0.190155
1710,137.939438,179.118225,67.005402,61.494537,0.207732
1740,164.793152,185.693024,24.613373,61.675476,0.969875
1740,278.024292,179.242310,27.300415,67.230621,0.998944
1740,53.127800,187.701340,22.960083,55.420319,0.976930
1740,105.147835,182.508240,27.918465,66.675201,0.979781
1740,355.966217,179.102631,27.495483,66.402802,0.987213
1740,336.746826,183.097275,17.278442,42.434692,0.735182
1740,0.293373,183.792465,16.298868,58.027130,0.447150
1740,118.503525,184.261917,23.726044,63.922394,0.254461
1740,148.182312,183.931961,26.111023,62.721710,0.967898
1740,0.000000,158.013275,43.645004,196.495789,0.054601
1740,417.360291,184.465042,17.417480,46.563904,0.126304
1740,175.553543,189.313553,19.882263,52.997253,0.140090
1740,0.000000,184.741562,33.605919,55.262543,0.057933
1740,115.175278,181.887344,58.290161,68.451508,0.076183
1740,137.294952,181.719635,54.102020,70.031128,0.172553
1770,332.667664,180.933258,17.572815,42.575287,0.880342
1770,343.849792,182.318512,16.736145,43.177582,0.080540
1770,62.119743,140.131958,100.556831,235.087891,0.991890
1770,350.460236,181.562668,12.979858,45.857513,0.050193
1770,409.493317,178.586990,27.198120,64.876862,0.966017
1770,419.676727,185.171310,20.833130,54.257935,0.327220
1770,339.118835,183.884201,15.723389,42.391479,0.305033
1770,527.435425,187.076172,16.756958,41.830750,0.225574
1770,45.756348,173.630814,79.010025,194.922104,0.072169
1770,124.280243,170.249115,27.655792,70.521118,0.069213
1770,329.829193,176.566803,31.034424,70.787750,0.089161
1770,410.104889,196.856018,19.646240,44.263702,0.260139
1770,103.618500,154.334442,77.335876,210.901672,0.098332
1800,58.775932,135.057800,92.683601,224.973999,0.998647
1800,28.239372,182.966660,29.042831,69.909668,0.997260
1800,237.295471,135.337555,102.775574,247.921936,0.998103
1800,202.889084,177.667114,29.311005,70.938934,0.992794
1800,7.267626,189.321350,21.113972,55.434418,0.534682
1800,13.872235,187.908768,22.949760,58.534729,0.051104
1800,371.860107,169.674927,27.352478,71.722473,0.213683
1800,32.631809,140.296356,84.746201,214.530090,0.097628
1800,207.344742,135.525223,90.654037,235.530258,0.141869
1800,69.357391,143.311279,299.880951,218.110748,0.106282
1800,25.175041,148.560577,181.861420,201.459167,0.051459
1800,240.616989,151.194397,82.117233,135.143402,0.071729
1830,318.274109,180.607849,25.923157,63.937195,0.985651
1830,201.668976,129.215118,94.207794,229.073181,0.998521
1830,45.703117,192.362427,20.532196,49.007019,0.966781
1830,60.918663,192.596588,21.096436,50.691772,0.741553
1830,381.185150,125.743095,99.599915,241.850159,0.973887
1830,78.801201,150.473953,57.053169,135.190048,0.996085
1830,413.756683,125.094070,106.038788,250.958725,0.992177
1830,27.612295,189.287903,18.115503,47.027557,0.060798
1830,53.930664,188.468811,21.523865,53.869446,0.460649
1830,329.948395,184.702591,22.375610,61.405579,0.072499
1830,379.256165,174.014160,67.621338,179.946167,0.214609
1830,36.644554,184.464371,22.247314,52.814819,0.109314
1830,241.348663,158.387512,63.861389,180.003937,0.518926
1830,311.957977,182.208771,22.504822,61.468506,0.053762
1830,0.000000,183.075333,26.436825,68.473480,0.935329
1830,337.785797,137.617554,210.380280,224.553894,0.300510
1830,454.349182,143.430725,48.733582,129.462067,0.098920
1830,2.867435,186.404205,75.758163,62.446320,0.100423
1830,141.275986,130.681000,198.042313,221.012207,0.126264
