30,542.125061,159.122864,22.452759,55.355347,0.769333
30,335.099579,171.272507,15.494507,38.739990,0.203375
30,599.657837,165.946762,18.745117,46.108093,0.077372
30,415.616638,153.345993,20.018188,62.352905,0.054631
30,184.795578,152.323563,20.668152,52.257690,0.074936
60,333.089539,171.883087,19.089417,45.562408,0.548028
90,442.860931,144.974289,15.214417,37.824158,0.107474
90,330.449677,190.910583,16.599243,38.553009,0.055045
90,448.037872,140.146698,18.580139,45.425293,0.087369
90,540.055664,121.841354,24.892090,60.876740,0.061201
90,530.631348,120.782852,26.991455,64.047729,0.104142
90,395.034607,142.755768,29.484253,72.516602,0.248818
90,406.508911,138.806931,31.499634,76.833679,0.078981
150,183.262589,203.302170,15.252380,40.684357,0.122917
180,60.727127,207.255142,16.525864,43.143494,0.293644
270,0.443011,175.217026,31.062580,98.217941,0.166970
300,277.795441,227.099945,20.768372,49.999420,0.137806
330,443.364777,146.164444,109.497894,264.891174,0.993479
330,437.745514,188.927460,52.478333,128.424103,0.307375
330,217.698593,232.626877,19.302155,48.060532,0.086890
330,454.332916,161.630386,67.745819,176.299789,0.074556
330,443.726379,211.806686,35.031494,90.475693,0.073796
360,333.965790,154.957428,96.951904,232.032471,0.993383
360,359.489929,169.138763,65.170349,169.796204,0.095078
360,217.899185,230.367065,20.083588,50.745697,0.085315
360,274.697144,229.415878,20.461670,48.833908,0.059953
360,340.973419,171.844482,57.298157,154.579376,0.070561
390,260.253693,177.038284,73.677673,186.978561,0.993008
420,195.356766,182.589386,69.460220,166.290405,0.996780
420,535.352966,109.759033,104.647034,370.240967,0.977418
420,185.334290,205.637878,28.642639,80.434570,0.117612
420,561.252869,233.424713,78.747131,225.337158,0.064034
420,276.455963,228.485016,20.990906,51.005615,0.064287
450,501.204407,163.899155,106.523315,261.990479,0.988165
450,146.360001,196.630585,54.881683,136.211365,0.995698
450,400.551025,114.484421,129.833923,317.607056,0.994149
450,137.767609,203.159409,45.479980,113.326675,0.052322
450,379.025879,143.280075,104.717468,273.114929,0.189782
450,430.572205,143.276688,198.443115,281.550293,0.793732
450,280.443726,186.704620,348.325928,197.594604,0.058722
450,518.520081,178.507248,64.991699,181.077408,0.068395
480,464.415619,140.026886,109.117828,261.187622,0.996233
480,251.783081,132.038589,114.077942,270.165588,0.996242
480,69.085846,191.197968,56.188049,137.334412,0.962378
480,350.084564,166.483078,91.799988,223.726151,0.991890
480,310.435364,148.306046,103.405457,245.304428,0.385367
480,57.368546,202.590851,44.927811,110.766174,0.125094
480,228.848709,227.123978,21.201019,51.236526,0.240111
480,169.783844,172.734619,388.437469,181.679993,0.258106
480,89.253342,200.622147,44.568558,120.524765,0.189769
480,377.630219,141.797791,234.824860,257.726562,0.638862
480,243.662781,145.630341,224.340576,238.544983,0.321840
480,307.455414,159.328110,26.923584,63.327148,0.216755
510,8.852528,178.457108,90.278809,217.832565,0.993705
510,128.666428,143.483383,112.060120,262.937622,0.995445
510,44.208645,191.108887,81.525543,205.827637,0.067023
510,42.793686,165.803986,253.518875,255.088318,0.151227
510,115.555847,175.495636,81.233643,211.477844,0.170540
510,158.918411,176.725739,74.278839,186.305847,0.084245
540,341.132507,175.438644,20.785034,53.741852,0.170391
540,333.452057,173.639664,33.600708,87.209854,0.060634
540,132.103821,160.801575,47.757263,125.580688,0.152808
570,359.862335,199.952835,16.084656,38.779449,0.965898
600,91.637512,198.000275,17.177048,41.035339,0.998486
600,88.822662,202.601105,13.934570,38.392059,0.089338
600,396.878540,182.909775,15.940063,39.185547,0.053871
630,40.219795,199.140106,17.926010,42.443359,0.292731
630,177.258728,184.518936,16.570190,42.063782,0.167534
630,525.341125,185.957184,22.504028,42.980591,0.117109
660,468.487244,186.634155,18.197998,45.373779,0.091868
660,513.460266,183.027725,20.251587,48.724365,0.566585
660,455.285248,184.529114,18.036316,46.058899,0.053300
660,408.296082,189.586670,13.239746,45.611938,0.050099
660,611.057617,166.158661,24.093506,62.540802,0.107960
660,520.801208,181.240952,20.530884,57.580872,0.174858
660,505.703461,182.273926,20.143280,54.576294,0.140995
660,501.405304,183.754944,40.842010,54.144714,0.101815
690,408.666504,187.917786,18.243103,47.631683,0.295143
690,583.977722,183.498596,19.075195,46.998291,0.070737
690,540.766846,182.824463,20.241821,51.773407,0.127533
690,551.262390,190.274231,16.419434,50.476410,0.069903
690,467.548187,186.703690,16.100769,44.086670,0.077239
690,451.392365,187.867691,15.773804,42.886047,0.073171
690,534.398071,184.068161,19.065674,54.788849,0.061404
690,493.733154,186.317169,22.525208,39.597595,0.252207
690,554.842346,192.069687,19.606689,54.105774,0.168775
690,527.015503,184.534241,50.166992,56.328156,0.080259
720,528.689819,184.465546,19.856934,49.560760,0.990694
720,556.129761,185.761688,19.412476,47.728241,0.878856
720,29.702805,195.956650,13.706116,42.634216,0.483937
720,546.774048,183.626740,22.430908,54.508667,0.541485
720,423.744659,191.035049,19.129211,54.333191,0.218942
720,501.606567,189.175919,19.084045,48.009735,0.854350
720,38.329994,199.785446,10.852844,41.771454,0.092386
720,481.280762,188.787430,20.229065,48.023071,0.061811
720,537.158325,186.230042,20.080933,52.726532,0.320153
720,562.726929,183.471115,21.065796,53.187714,0.056741
720,537.112061,185.133774,44.808594,56.555573,0.052649
720,523.893311,184.040924,41.559570,53.096039,0.193943
750,556.763306,181.039352,23.050781,57.474640,0.995284
750,611.061157,179.225815,24.194702,61.001617,0.951694
750,598.755920,185.255142,21.758789,52.703857,0.870304
750,577.489990,177.696579,25.706665,61.551758,0.993626
750,477.211639,185.682037,20.593872,49.728027,0.762509
750,538.244934,188.039627,18.982056,51.459595,0.237680
750,98.159859,190.603683,15.182465,38.081146,0.059042
750,509.313385,183.054901,23.373322,59.102600,0.373111
750,440.025818,189.314774,20.139099,53.524170,0.144519
750,565.923706,179.833023,22.638794,57.602539,0.120075
750,516.708496,183.652344,22.353882,53.705475,0.058630
750,592.976318,180.575500,20.859131,54.126495,0.162906
750,548.038574,191.105850,22.939209,57.222412,0.164803
750,544.754456,182.603348,45.107788,59.678925,0.603645
750,559.189880,179.229996,59.726440,58.852631,0.597874
750,518.678772,183.447571,76.272583,41.665039,0.057696
750,465.245850,188.110901,56.449829,51.771423,0.079744
750,490.265015,182.174805,56.343628,59.179474,0.075245
750,514.106079,180.968643,120.581665,56.131439,0.397801
780,502.971802,183.862610,24.835571,59.428558,0.611527
780,580.037598,180.582336,25.229492,60.292175,0.369429
780,495.287537,183.985107,23.884460,59.070984,0.129700
780,465.363251,183.625580,23.425781,56.054260,0.780412
780,192.139496,187.644211,15.163116,36.860779,0.069020
780,489.353241,184.457474,53.434967,55.616791,0.077427
810,513.874146,188.206589,20.377197,50.702118,0.520267
810,132.956894,186.812195,16.528107,40.340759,0.292884
810,119.528305,186.799774,17.955231,45.449677,0.069103
810,447.368591,188.529709,18.502502,45.413239,0.067543
810,389.718231,185.386459,16.572083,45.146210,0.064561
840,420.762543,190.237885,19.260925,48.416992,0.812348
840,237.955017,187.541245,13.645660,36.431854,0.277385
840,430.800995,189.630844,17.003479,43.903015,0.238526
840,4.115535,182.293732,21.063095,54.454224,0.211983
840,542.896973,182.821869,20.664429,52.110229,0.054624
840,466.309540,192.841614,16.229614,41.116119,0.078410
840,512.327942,191.810699,19.921875,47.741272,0.327337
840,564.457031,175.464005,24.602417,66.485596,0.464318
840,437.672211,189.796143,15.996521,43.004608,0.063456
840,106.253242,185.592255,17.219513,41.824036,0.081618
840,409.214386,184.379105,15.544617,48.593262,0.240329
840,589.083740,160.602646,38.803711,93.733917,0.198345
840,411.853455,191.315247,18.354065,47.763000,0.362410
870,526.143005,195.687592,15.332153,40.132385,0.095615
870,610.557983,173.135025,19.983887,54.429199,0.165780
870,504.183899,191.908142,18.164185,44.919495,0.141345
900,21.921520,173.878464,22.032158,53.418671,0.832273
900,460.401947,181.084778,17.544312,42.227478,0.614075
900,394.988220,183.066437,15.458496,38.348145,0.149169
900,501.205780,192.221893,17.785553,46.278168,0.146551
900,14.039592,176.609863,21.613644,56.436981,0.119030
900,148.528961,185.070007,17.868500,50.156464,0.070634
930,502.556671,181.953888,21.227509,51.818298,0.887749
930,494.492065,183.748734,19.483032,46.736206,0.155417
930,0.000000,172.804535,25.607224,73.725677,0.088214
930,465.298187,188.461746,18.206909,44.134003,0.250322
930,471.455811,184.344559,18.439880,47.490051,0.098959
930,172.862946,195.112686,15.071350,36.338593,0.062704
930,481.645935,181.507141,48.013062,56.283356,0.066678
960,546.355225,178.538086,26.102539,63.426819,0.981406
960,610.800049,186.835709,18.398193,45.909912,0.211402
960,501.965210,182.369553,20.903809,51.159241,0.632735
960,538.984985,178.470200,24.382812,58.506409,0.161429
960,48.676315,189.100204,12.863663,35.759094,0.062653
960,471.146210,188.790955,18.615906,45.736786,0.053075
960,617.659180,188.049301,18.409058,40.222015,0.067529
960,468.039948,178.739502,124.652069,56.887146,0.059644
960,528.111816,175.941620,50.735352,60.634277,0.056717
990,506.195648,180.496826,20.986237,50.719604,0.934172
990,474.925659,190.864670,19.130432,44.303802,0.328343
990,70.088493,186.595367,14.081238,38.972931,0.171873
990,612.122742,173.077499,25.435547,93.177628,0.393843
990,34.685493,187.134674,13.931572,42.929260,0.076214
990,450.532410,186.231491,16.795105,40.878204,0.061901
990,564.972107,179.883392,23.516357,62.125000,0.206902
990,404.939148,176.902557,19.562073,42.069305,0.149778
990,4.611217,188.056931,18.859497,26.230011,0.064314
1020,588.443359,180.309540,25.776855,62.742981,0.967836
1020,484.516327,181.603394,18.825867,46.425934,0.141043
1020,577.795837,177.357666,26.362183,64.343231,0.091235
1020,6.124490,188.100479,15.899013,43.053864,0.232536
1020,504.459534,188.185074,16.590332,46.225800,0.055262
1020,15.904736,188.724442,15.287334,41.517334,0.258019
1020,461.124695,179.647247,19.282654,47.196472,0.365120
1050,577.124023,184.875366,22.328857,55.588959,0.945029
1050,562.819580,182.703583,24.145508,59.039001,0.243945
1050,507.832520,182.439865,20.564087,54.975677,0.068339
1050,616.200806,191.573837,23.090332,63.858002,0.173382
1050,540.225403,173.981873,22.513428,56.504974,0.421956
1050,520.439880,180.002014,61.185425,57.202087,0.078347
1080,468.642944,175.309433,21.640137,51.736420,0.846939
1080,478.437836,178.696899,16.093872,42.930298,0.066163
1080,415.149323,180.676285,19.058838,46.306671,0.101688
1080,12.004283,186.513016,19.495556,44.054840,0.071282
1080,598.245056,153.940125,35.468384,90.142334,0.100517
1110,504.367737,163.135742,28.307129,69.655426,0.973071
1110,514.601807,165.172165,24.217529,56.731964,0.079954
1140,585.547668,163.129349,36.433228,87.451385,0.995860
1140,468.638916,183.725082,18.595581,44.915009,0.560651
1170,535.719788,170.397385,22.026245,56.429993,0.759539
1170,512.325562,172.066254,22.591675,53.621613,0.434832
1170,520.750854,171.873032,19.703979,49.305725,0.397572
1170,527.517456,169.533066,22.150513,55.251068,0.106026
1200,570.761963,169.042145,27.681641,67.781494,0.995582
1200,596.691040,167.496399,26.358154,71.374573,0.686493
1200,536.581909,172.184464,22.398438,51.923126,0.369010
1200,579.854675,167.250244,28.451172,73.181427,0.140033
1200,616.212402,162.692703,23.713623,79.236908,0.226488
1200,602.709045,161.896881,32.756104,84.201172,0.295454
1200,565.722473,168.620209,59.080078,70.337433,0.338079
1230,539.994446,177.552841,18.746460,45.942841,0.985650
1230,516.554138,176.889282,18.219116,46.171448,0.581159
1230,44.261074,182.123856,16.800987,39.877625,0.234123
1230,534.614197,177.012909,17.468262,46.205566,0.220595
1230,457.588928,171.545090,19.240051,46.722382,0.413718
1230,524.512024,177.432053,40.670898,47.125702,0.119774
1260,565.570068,181.348282,20.692017,51.499451,0.703098
1260,447.555542,176.770294,22.452698,53.803131,0.327199
1260,539.345520,179.526688,21.671631,54.409760,0.572440
1290,498.458862,183.193069,19.568054,47.833282,0.202833
1290,121.551392,181.452774,18.520508,54.083130,0.055860
1290,463.834656,169.750793,23.606506,58.416412,0.185066
1320,609.898926,184.312317,27.886108,73.079926,0.157998
1320,0.648978,191.383820,19.902069,42.333191,0.076998
1350,399.040314,179.264664,22.272217,52.936859,0.720333
1350,4.671220,180.243423,19.400497,50.339355,0.383781
1350,408.010742,179.949814,20.825562,53.201660,0.107298
1350,556.353699,184.128815,22.722168,56.412720,0.294119
1350,168.697083,182.362625,17.986298,39.567169,0.256776
1380,545.750916,151.303329,31.603516,75.877228,0.985903
1380,603.395569,140.784531,36.276245,111.153076,0.195753
1380,535.969238,154.848785,29.387939,76.889587,0.133790
1380,559.427612,158.811905,23.940552,63.421173,0.077195
1410,379.651978,183.333786,17.197083,42.380127,0.255023
1410,449.516357,176.404037,21.505615,52.649902,0.430133
1410,591.464661,136.303528,43.662354,108.496338,0.752616
1410,605.492981,146.164734,27.402954,68.996216,0.299914
1410,594.890015,139.379242,28.656250,74.432617,0.141534
1410,445.677673,174.031235,32.466187,79.068451,0.116541
1440,479.107269,173.934464,22.221008,55.736877,0.929809
1440,604.251221,89.549866,35.748779,126.485474,0.077229
1440,4.096013,175.584122,19.692699,48.951050,0.105491
1440,399.479401,184.391037,16.097961,47.276733,0.073672
1440,413.617523,180.334396,21.098999,51.553284,0.083700
1440,391.726532,186.229172,16.552063,40.980377,0.678603
1440,485.185730,179.322067,21.500916,59.950928,0.542368
1470,531.745789,174.203125,19.233154,51.617340,0.263399
1470,406.574280,186.309464,18.638733,46.659637,0.052714
1470,426.548126,186.391113,16.910400,52.275055,0.060696
1470,609.063049,158.868225,24.558105,58.456543,0.079402
1500,4.459165,178.638184,15.325413,37.748505,0.126830
1500,28.002865,179.643875,13.420631,38.649994,0.117165
1500,471.088898,169.512970,31.024353,73.007446,0.065645
1530,405.917053,182.050125,15.774780,39.134003,0.911817
1560,447.477020,182.332001,17.634949,47.765930,0.703794
1560,409.582184,179.738190,18.612671,44.595612,0.717979
1590,412.293091,177.071411,18.471130,44.557556,0.838106
1590,7.962267,163.436035,19.807098,51.883026,0.229009
1590,479.666016,176.752686,17.579041,47.038544,0.721012
1590,501.009644,173.011139,25.510986,61.061768,0.072778
1590,477.419556,172.991455,26.138367,64.501251,0.080599
1590,461.332458,186.518799,15.361633,41.365540,0.099563
1590,500.266266,177.270905,18.240448,44.860565,0.304034
1590,477.493256,175.798294,57.878510,48.061798,0.110800
1620,512.202393,174.679718,19.731812,50.705750,0.919754
1620,408.386017,178.662338,18.263855,42.902618,0.915150
1620,531.895996,172.721710,22.008179,59.779510,0.382687
1620,603.800171,167.685913,30.562866,82.293610,0.416939
1620,1.629068,172.393356,16.553797,44.776367,0.070000
1620,514.878479,163.416504,30.164917,75.293182,0.231061
1620,538.914429,176.262192,23.298462,55.870911,0.053216
1650,521.924683,171.463608,19.346436,47.022125,0.992133
1650,518.148743,169.155121,16.801147,44.668396,0.424450
1650,514.060608,167.644135,14.483154,43.514038,0.127368
1650,530.846313,168.023102,18.809814,48.733826,0.069196
1650,443.802917,166.246246,16.333008,41.969086,0.143628
1650,411.914612,179.470642,16.256348,38.980072,0.110679
1650,569.490417,174.202698,23.034668,54.887177,0.077431
1650,480.022034,175.279190,20.149597,51.607208,0.425264
1650,396.027710,181.374435,17.244263,41.867462,0.058628
1650,426.856689,169.199585,17.142822,43.079926,0.050300
1650,558.801575,164.861725,25.868408,64.478821,0.094509
1650,548.119507,165.151047,26.236816,63.241394,0.134188
1650,543.015747,166.492508,19.103149,49.086334,0.694153
1650,506.343414,167.238998,16.932587,42.844147,0.073499
1650,547.313293,169.430054,54.349976,59.269318,0.079428
1650,515.855469,166.583481,68.231567,54.204926,0.288738
1650,518.088989,165.216934,34.753662,53.086029,0.135932
1680,530.468750,171.885651,18.714233,45.913696,0.992135
1680,585.683472,173.650818,22.558350,54.784302,0.939627
1680,536.923645,170.077820,19.609741,47.162476,0.063259
1680,523.764221,167.923019,18.000366,44.431183,0.150939
1680,580.287170,175.533539,55.135376,61.011627,0.060520
1710,566.015625,166.937424,25.290161,64.014221,0.997265
1710,524.381775,170.434418,19.588257,47.900940,0.968289
1710,419.905365,170.464447,15.807922,42.776123,0.146753
1710,517.720825,162.938309,20.001587,48.759705,0.541332
1710,542.499817,166.305130,19.293701,48.090607,0.206797
1710,457.534821,174.080750,15.493225,38.241882,0.090390
1710,403.709106,174.096390,16.064697,40.153442,0.087873
1710,531.126587,169.353165,19.128052,48.728424,0.081604
1740,407.578400,165.416443,20.526367,51.516052,0.997695
1740,527.627991,168.300568,25.951050,65.168335,0.998201
1740,591.862793,176.950928,20.225586,49.865479,0.979826
1740,503.021301,172.980148,19.000977,47.965149,0.943162
1740,582.347534,179.608368,17.034058,44.381256,0.401579
1740,609.432922,178.447113,19.907349,50.355530,0.404693
1740,601.831543,177.648010,20.742554,50.421326,0.494368
1740,12.578196,168.316757,18.785061,46.401154,0.149385
1740,400.518890,164.848923,18.457397,48.104034,0.079289
1740,508.373260,166.425507,20.627777,53.226135,0.131952
1740,388.648560,165.309052,18.727295,50.045807,0.271846
1740,493.652557,162.101532,17.619324,46.880280,0.198182
1740,375.110199,170.661575,19.650146,47.528656,0.054222
1740,576.869385,175.687256,17.016846,42.758759,0.060685
1740,606.436768,169.063385,27.775879,77.691559,0.106469
1740,508.538452,160.885101,48.934570,67.524902,0.082969
1740,479.949371,162.455734,55.866974,60.534637,0.106547
1770,579.531921,174.101578,21.445801,53.519348,0.970751
1770,483.481781,163.397919,28.854095,71.575195,0.997526
1770,556.736572,173.986694,21.573608,53.678131,0.928423
1770,548.507996,178.065308,20.101440,49.955750,0.732077
1770,568.539307,176.518799,20.495728,50.155396,0.397158
1770,424.612549,167.803101,18.452271,47.477966,0.227960
1770,358.441528,165.058167,18.509888,47.510376,0.854900
1770,543.961426,179.163040,15.515991,46.928284,0.093063
1770,443.333893,153.595093,32.938171,76.587952,0.106531
1770,471.636200,165.414368,23.790771,63.921814,0.329941
1770,587.819519,174.516937,21.787354,52.969696,0.059228
1770,559.875977,173.776962,47.736206,54.317108,0.242578
1770,460.202576,166.096191,57.143982,63.620331,0.056859
1800,486.391998,170.610901,23.271973,58.062256,0.957889
1800,416.205566,163.485565,21.642883,57.745697,0.878785
1800,519.409058,164.589661,24.414062,60.114349,0.984171
1800,478.097321,175.791046,21.156799,51.317505,0.487878
1800,503.191071,169.860901,23.185089,55.966858,0.818218
1800,600.229736,153.702728,39.234985,124.166962,0.595855
1800,294.135712,164.643982,15.882690,41.292816,0.365400
1800,429.175507,154.974518,19.599182,49.689026,0.083037
1800,309.172302,161.770279,15.123047,40.684845,0.071221
1800,394.108551,149.197632,25.915283,64.055267,0.781693
1800,398.882477,160.785278,25.577820,69.376099,0.101996
1800,419.670654,154.532623,21.656799,52.446686,0.100626
1800,607.663025,169.722778,30.101440,77.626617,0.079414
1800,526.591553,170.793503,23.650269,56.740936,0.140686
1800,388.543427,149.935242,56.450684,65.020416,0.101536
1800,479.530640,168.959229,50.570862,58.289764,0.448844
1800,493.050079,166.738571,25.426849,60.827179,0.317408
1800,410.020813,154.796875,34.419128,76.735840,0.093221
1800,502.838867,168.823792,49.303467,55.443665,0.535379
1830,311.943176,155.165512,37.291138,92.518280,0.992538
1830,125.575768,166.728088,20.088722,49.297485,0.968540
1830,461.449005,161.930267,26.913940,67.391235,0.990113
1830,433.429382,164.005219,27.737549,69.106232,0.984597
1830,351.873322,166.837036,23.614258,58.939758,0.705008
1830,411.912415,163.763199,28.505676,70.169830,0.970503
1830,117.517334,166.249924,21.516876,50.076660,0.128113
1830,422.661255,164.530899,29.054565,71.363678,0.549548
1830,583.405701,151.877655,56.594299,143.722351,0.721169
1830,107.291855,159.950089,27.217026,63.080688,0.298225
1830,241.106262,172.662491,17.045380,47.979645,0.090689
1830,217.813583,167.120331,17.398346,48.109924,0.201132
1830,447.505402,164.368820,26.914124,66.387299,0.262747
1830,233.896439,166.427460,19.598267,50.065308,0.826350
1830,356.275177,155.516449,22.043518,57.404205,0.229747
1830,201.306076,178.549469,16.534515,40.808472,0.052115
1830,132.958328,171.011566,15.788971,47.197906,0.058202
1830,414.523193,165.346634,56.910461,67.024658,0.888033
1830,302.478149,155.464630,73.078064,82.332886,0.051190
1830,353.089752,170.105362,18.355042,37.398865,0.123242
1830,435.313293,161.423065,53.311890,72.777893,0.078696
