90,517.645874,188.592239,14.810791,43.416595,0.240636
120,522.093689,190.438248,16.696777,40.228149,0.111178
150,0.564830,194.710678,24.032688,64.277573,0.148052
150,538.956238,180.322342,15.212769,42.556366,0.118275
180,614.157837,175.712799,25.842163,76.139404,0.215368
180,0.000000,181.438843,19.290707,78.864777,0.084592
210,30.458281,208.312668,14.736917,41.106567,0.474927
240,29.057070,206.335510,15.926943,44.163513,0.654245
240,5.341097,202.418777,17.417812,45.476440,0.227031
270,27.775131,207.887360,16.703796,40.554779,0.828212
270,4.881357,195.243164,17.439833,49.950897,0.077297
330,426.769775,170.272873,16.566406,39.040375,0.145791
330,30.919613,207.715103,15.453712,39.281158,0.409583
330,4.287440,192.927933,18.704945,52.642059,0.061533
360,32.680809,208.276154,14.997314,38.859955,0.840628
360,4.448873,197.989624,17.520103,47.828522,0.051599
390,34.496525,218.030624,15.236084,40.028976,0.655541
390,413.939026,181.855087,31.621155,79.370834,0.756600
390,416.837006,183.766052,18.766052,45.468140,0.432502
390,405.386475,173.895813,47.336975,123.675262,0.054692
390,425.333740,188.689301,30.260986,75.759705,0.100529
420,418.504669,186.796295,29.064636,69.600891,0.985510
420,137.027908,204.224930,15.475555,39.507538,0.652392
420,428.566467,190.099701,25.728210,62.922089,0.385068
420,85.812088,207.590530,22.732559,54.086838,0.118400
450,439.385773,175.837769,34.695435,84.903748,0.995409
450,33.846512,222.167664,14.664185,42.867126,0.437322
480,481.703217,167.898254,41.002411,99.544769,0.997864
480,23.884228,219.105026,18.092743,42.984634,0.593379
480,361.736816,157.934692,44.580566,103.529572,0.412919
480,139.297668,206.251724,15.093201,38.289520,0.197053
480,379.172516,160.996994,34.748779,87.395111,0.059230
480,474.225983,183.857773,27.979858,78.975113,0.111978
510,555.120544,146.530518,54.202393,132.901794,0.999596
510,458.006897,203.628693,15.187012,39.380463,0.935057
510,9.342671,222.128311,16.880013,41.135025,0.611001
510,137.119095,201.433197,14.676025,38.469330,0.148007
540,135.420471,197.613358,14.337128,39.887054,0.355822
570,129.412201,195.057724,15.383728,38.833527,0.395785
570,487.175873,199.179031,15.563904,38.510132,0.918730
570,482.802277,199.715134,14.413879,37.899719,0.067289
570,187.920059,199.337997,14.847382,41.713593,0.055804
570,493.441071,198.886047,14.718445,37.060913,0.322561
570,193.509903,196.965790,14.419403,42.209930,0.164034
570,222.098373,204.388489,25.972260,70.098785,0.084180
600,340.855194,196.600525,18.855896,46.102875,0.974989
600,120.810135,192.293884,16.522278,40.022400,0.693871
600,359.870819,198.735947,19.401428,47.156616,0.570435
600,98.361664,200.457062,13.871368,37.571564,0.219927
600,320.679382,191.503357,18.494507,48.926971,0.611250
600,171.388229,199.254135,15.314636,42.355408,0.140769
600,93.230370,201.019119,28.521317,35.813599,0.050767
600,320.051727,192.880829,47.918518,51.024658,0.085925
630,103.774338,186.218094,18.633255,47.152313,0.872051
630,361.724426,198.787949,18.724915,45.403076,0.885908
630,351.880005,197.717072,16.134644,42.845367,0.217228
630,331.853302,194.744522,17.847168,46.282562,0.301891
630,345.854523,196.870605,16.174438,43.723358,0.240970
630,614.621826,196.486084,17.090454,46.917419,0.344755
630,107.877304,202.111298,17.809982,44.144836,0.151500
630,338.059082,195.886627,18.832825,46.798431,0.076970
630,529.046631,195.305466,16.861816,42.748901,0.074051
630,522.723022,195.568176,16.755981,42.809601,0.060820
630,356.311340,194.102219,15.790955,40.774963,0.059528
660,359.098389,199.850861,20.144165,48.581329,0.973620
660,330.854126,196.289490,19.191467,49.748505,0.454159
660,541.265869,195.933411,17.784790,49.673492,0.283982
660,92.169518,187.695618,25.721313,60.858887,0.130333
660,356.289124,198.966583,15.746765,39.130371,0.476656
660,349.780579,198.063583,14.421387,41.085114,0.114787
660,341.491974,195.545227,16.742737,46.792145,0.062520
660,63.485245,214.068039,17.569901,43.499374,0.050963
690,328.518921,190.447144,18.361267,53.955841,0.149203
690,545.663513,198.560501,17.215820,47.315613,0.057347
690,360.725372,199.887375,19.892212,48.538086,0.370223
720,305.385223,185.090622,18.027100,50.209961,0.115047
720,361.839996,195.652985,19.997620,49.790497,0.052231
750,544.927368,194.739487,16.897705,47.021393,0.083219
780,544.940491,195.768585,18.472778,45.444031,0.410662
780,361.229767,198.445068,19.206299,46.956268,0.153512
780,305.077728,192.581894,18.463989,53.181396,0.118552
810,547.650879,194.989944,17.712524,46.838287,0.204804
810,171.417877,193.265762,14.339508,36.723450,0.060787
810,357.940887,199.239975,22.946106,40.868134,0.062403
810,305.047272,183.427429,19.131653,53.167023,0.065994
840,544.820740,194.786606,17.374390,45.232452,0.189903
840,327.236786,186.392975,20.108582,57.760803,0.179782
840,360.067810,196.603928,21.787842,45.964813,0.297818
840,304.456207,185.936890,18.129578,48.320251,0.273113
870,83.452972,191.627350,21.385590,54.677032,0.295899
870,464.485382,181.197968,21.597290,55.336304,0.302855
870,360.843750,196.193329,20.208984,48.646851,0.396456
870,330.273834,190.808014,19.579163,52.726746,0.288550
900,468.900299,181.855286,29.797424,74.424042,0.242661
900,546.438293,194.586639,18.251709,46.322144,0.177659
900,456.678497,176.167572,32.879150,83.151520,0.807628
930,462.289459,184.402054,21.249329,53.497955,0.992725
930,85.864792,181.389496,22.899399,56.216614,0.261548
930,454.462311,186.610931,20.837952,49.785767,0.220736
930,328.107147,192.053879,17.614990,49.359833,0.114938
930,305.826111,184.316132,18.393250,48.535278,0.089007
930,80.053909,178.299805,35.663651,86.674377,0.385142
930,360.148499,195.273804,19.564392,46.503448,0.063245
930,74.653435,192.882080,28.483047,67.376099,0.356566
930,407.941223,196.491989,18.169495,45.755798,0.061603
930,62.545815,197.300690,65.972191,63.770508,0.058683
960,325.079102,189.519409,17.889282,53.487213,0.279406
960,308.590973,190.994110,18.239197,57.694092,0.065686
960,305.665527,184.833054,18.203613,46.123383,0.099866
960,359.705170,194.494537,20.934570,51.656311,0.374612
960,330.559753,187.852615,19.624939,53.629395,0.061058
960,76.417885,200.223312,17.672256,47.356323,0.053272
990,446.562286,185.111557,23.385315,58.377808,0.998315
990,548.327698,193.910690,17.590332,47.281250,0.292876
1020,433.076508,191.022873,21.273987,53.276550,0.997140
1020,413.890076,185.830185,22.264526,55.468353,0.973207
1020,422.969177,189.117371,22.060181,54.204742,0.263672
1020,325.235321,186.461487,18.899414,55.055420,0.073535
1020,361.143707,196.195053,19.848450,48.904114,0.453135
1020,413.554688,189.558655,48.834106,52.337769,0.610187
1050,387.554688,185.169128,22.390198,54.889191,0.983857
1050,413.824097,189.902573,22.564209,55.762115,0.990068
1050,398.275269,189.538605,20.668579,50.996338,0.339201
1050,301.839752,187.030304,22.385864,55.993652,0.601911
1050,328.086029,190.026825,19.732300,52.953278,0.117650
1050,322.169922,187.970932,18.748962,57.380707,0.317169
1050,546.226318,196.286865,16.561890,44.092834,0.075491
1050,88.736732,179.093628,23.725311,59.207886,0.155727
1050,310.184235,184.564240,25.673218,65.693756,0.058039
1050,398.258881,188.428482,43.174988,53.513367,0.188380
1050,360.131165,194.237564,23.944763,45.917572,0.062526
1050,375.423187,187.402985,52.114929,56.564972,0.511044
1080,391.698853,188.439423,22.515076,56.583618,0.972881
1080,375.463318,185.798264,21.806763,55.759979,0.951737
1080,548.827209,193.592819,18.000610,45.152832,0.321604
1080,583.585693,192.651550,22.289185,51.365082,0.075714
1080,300.952728,186.132874,24.755066,63.619904,0.370710
1080,327.939209,186.492523,21.316101,55.102905,0.098655
1080,468.252899,180.342377,21.191772,54.006744,0.051190
1080,461.259247,181.480515,20.255798,53.193512,0.060466
1080,337.868744,185.790131,20.028137,49.486511,0.053207
1080,319.701508,185.257935,21.118530,62.629974,0.072871
1080,542.564941,191.356018,18.220215,48.398285,0.058899
1080,361.473694,187.775757,21.810974,53.528656,0.068053
1080,361.834595,187.465546,46.800598,55.931580,0.189213
1080,296.529053,186.763168,63.310303,60.647552,0.068677
1110,365.032501,185.456421,24.487610,60.769409,0.987669
1110,375.297485,188.874191,23.944336,57.242371,0.822941
1110,332.690247,185.363419,22.579529,53.909271,0.186778
1110,324.670105,183.002304,22.333191,60.065887,0.112455
1110,301.639587,187.810242,23.932068,61.651276,0.418306
1110,546.232056,191.590332,18.047363,46.949707,0.063944
1110,297.059418,184.935928,73.121399,62.579132,0.141717
1110,353.832672,185.660858,48.127075,57.572998,0.135225
1140,374.259796,193.256027,22.070496,53.847076,0.990587
1140,360.655365,189.678543,23.596863,58.162567,0.985651
1140,335.084351,193.064240,18.258484,45.224762,0.240930
1140,344.224945,190.280258,15.962219,45.948242,0.209408
1140,327.362305,188.319183,18.721863,54.015778,0.117487
1140,302.854218,193.648285,20.962830,54.052063,0.207897
1140,543.152832,193.949860,18.256348,46.284088,0.077022
1140,355.711670,191.507309,45.821716,52.826080,0.433859
1140,300.036896,188.347244,70.216553,59.003448,0.095276
1170,332.363068,183.839172,17.955444,49.737061,0.062414
1170,338.680481,185.562103,16.508057,44.985413,0.464405
1170,361.070129,187.315552,23.775208,61.658020,0.081599
1170,372.360504,186.157776,24.374207,63.925415,0.490979
1170,351.626282,181.584442,26.025940,70.928650,0.639623
1170,341.742401,183.710098,22.694153,62.796539,0.219462
1170,355.634979,186.907776,18.661072,46.318817,0.320441
1170,303.473663,187.737289,20.117615,47.011017,0.142014
1170,335.034912,189.403748,23.718811,63.980652,0.117861
1170,353.583893,200.643402,37.416626,42.352356,0.060266
1170,540.692078,192.933258,22.716187,57.574951,0.306564
1170,325.358887,180.638885,55.274902,71.825928,0.218765
1170,342.350952,187.307465,55.561584,64.789246,0.272642
1260,590.054138,195.646866,22.310669,60.545456,0.121545
1260,337.655060,199.855072,22.263245,63.946594,0.097173
1260,330.363312,173.779068,34.602722,85.413620,0.064434
1290,70.212852,180.703629,24.953873,63.337006,0.523396
1290,479.109711,199.179474,18.877075,46.431702,0.685378
1290,195.318970,201.517059,23.854645,57.169128,0.055564
1290,151.380417,198.022720,19.474640,51.576233,0.054257
1290,140.486038,192.863297,32.832001,78.701279,0.231066
1290,66.314705,179.129929,34.870224,90.683701,0.056672
1290,126.112885,193.143600,28.688477,70.737839,0.224315
1320,338.942810,207.280518,22.460205,54.102997,0.051978
1350,114.237366,184.143692,34.337921,87.428604,0.446735
1350,108.245041,200.420868,27.564423,74.351959,0.113961
1380,13.240370,182.551758,39.723274,94.053009,0.334355
1380,33.629654,190.236420,35.308182,84.633850,0.537138
1380,289.445404,182.208771,40.457581,99.469360,0.061176
1380,48.473526,188.548233,36.406448,84.855270,0.227774
1380,66.147141,190.849014,33.274628,79.622055,0.080135
1380,328.823395,123.091545,66.323425,165.791138,0.098179
1380,3.537949,186.125381,32.764954,87.176773,0.067593
1380,294.427887,188.377594,28.897400,69.158081,0.235065
1380,4.857197,188.026901,82.966171,96.190506,0.072142
1410,198.501877,201.030869,20.510773,51.676300,0.060452
1440,515.095642,191.209518,17.199219,45.527374,0.095155
1500,240.499817,175.551956,17.514587,48.457764,0.203996
1500,82.884712,187.899948,13.578262,37.028687,0.411298
1500,526.839172,157.184799,26.077148,64.571991,0.150676
1530,50.145393,184.686981,17.032700,45.249359,0.814407
1530,40.403347,185.714828,13.830177,39.307251,0.208273
1530,424.178284,158.271835,29.427185,71.266541,0.683907
1530,464.351105,156.743332,30.228760,78.725830,0.161608
1530,44.922470,186.375488,14.086777,43.963318,0.133076
1530,419.180237,160.196228,23.994568,60.795166,0.169161
1560,500.275116,136.154678,73.064667,173.275925,0.991711
1560,10.976671,178.128815,18.431202,52.465363,0.515692
1560,0.105696,174.477020,13.806463,52.737213,0.055403
1560,528.276062,135.327637,71.518921,171.767548,0.056224
1560,577.854675,145.003723,55.426758,159.020050,0.074639
1560,522.600464,144.228012,52.244629,123.432907,0.455010
1560,481.046692,161.813965,131.195923,140.295105,0.056540
1590,574.573120,162.021271,20.531006,54.825989,0.082138
1650,488.462097,152.024643,21.964844,59.365784,0.260665
1650,125.069702,170.422882,14.436707,38.569824,0.071768
1650,479.490784,149.792297,25.428040,66.710266,0.065772
1650,71.571167,172.395981,16.485657,42.717346,0.528050
1650,443.794617,161.749725,19.379639,49.287781,0.124276
1680,493.038788,160.875580,25.790863,63.270477,0.694099
1680,450.614990,161.964630,18.569275,47.489014,0.143937
1680,532.014221,152.675735,22.575317,52.784027,0.095650
1680,500.132202,150.209229,19.674377,49.421234,0.061921
1680,89.225952,167.334824,16.224396,48.263855,0.067691
1710,15.253303,176.409256,20.750076,52.697449,0.889549
1710,494.304413,161.362869,24.591400,60.271271,0.485258
1710,488.878754,161.275772,19.426025,52.743073,0.134079
1710,510.526733,163.787659,21.610229,58.930298,0.051476
1710,101.384949,168.872772,15.611832,45.895630,0.093429
1710,589.172729,178.823349,27.451294,72.630341,0.507244
1710,95.140846,176.071014,18.663025,45.423126,0.179656
1710,577.146973,150.983490,37.243286,100.918488,0.054037
1710,608.801880,176.960052,29.410400,66.042969,0.137267
1740,32.119637,172.443314,18.429375,43.519806,0.546975
1740,594.410828,135.059097,45.185181,110.469147,0.436280
1740,39.534836,169.785767,17.007431,44.382904,0.126919
1740,437.949860,159.852829,17.588135,43.722076,0.140970
1740,307.771881,162.559006,15.540161,39.367523,0.249346
1740,320.151733,161.522125,17.082581,43.775177,0.079587
1740,289.965820,165.114441,16.082153,44.118530,0.082713
1740,314.097687,162.957062,17.482849,45.107147,0.055930
1770,457.737366,152.229950,18.141357,45.096924,0.451972
1770,473.230499,152.426376,17.889832,43.480103,0.232999
1770,366.202393,152.597382,20.736633,52.785858,0.900831
1770,314.753296,155.766388,15.774780,39.169189,0.107938
1770,535.658752,150.310272,21.838501,52.244965,0.498037
1770,523.415649,152.002731,46.887573,51.151917,0.053188
1800,395.266327,154.817383,24.462769,60.754333,0.701728
1800,361.630554,155.205872,22.184021,55.155853,0.116008
1800,496.161896,156.715118,19.847565,49.184204,0.351576
1800,518.109131,153.058197,19.921631,51.298523,0.176324
1800,329.578735,156.512619,18.685791,44.491791,0.238028
1800,352.402039,154.201797,26.195923,62.448975,0.343696
1800,502.843109,156.155472,20.737885,49.799530,0.063755
1800,523.958252,157.700668,20.993286,54.976105,0.199872
1800,321.325745,156.555710,16.106140,39.527374,0.057099
1800,425.032501,159.703705,17.034180,44.171997,0.198823
1800,484.709625,157.465775,50.256439,43.789520,0.058374
1800,326.670929,154.905304,61.292480,50.034790,0.060431
1830,447.252350,153.840256,36.150757,86.278503,0.976519
1830,390.238129,152.532715,23.839783,56.634369,0.089018
1830,245.053482,165.937714,16.204575,45.261536,0.467787
