30,153.297943,211.848526,16.891388,41.460693,0.432696
60,450.245789,164.088638,25.574707,66.216705,0.635763
60,401.527344,168.559616,19.254883,57.676270,0.067730
90,462.065247,193.616425,16.796631,41.938995,0.366164
90,443.250732,196.901291,14.799866,38.254150,0.094890
90,584.613831,175.022751,20.888672,52.442596,0.204228
90,454.836884,193.170502,17.644470,44.268433,0.054994
90,575.829407,174.960922,21.554443,53.305817,0.085462
90,592.177246,172.984222,21.779785,54.880615,0.104858
90,448.499908,195.313293,16.811096,43.762817,0.065798
120,80.586136,184.886581,21.211273,53.292023,0.703396
120,68.192039,185.312561,25.710861,59.399017,0.057484
120,556.038025,222.337082,16.542358,43.160294,0.064283
120,85.230110,184.253174,26.343552,66.452911,0.060959
150,489.024567,205.895721,16.212036,44.826660,0.230752
150,510.851074,211.499893,16.596313,44.266663,0.198631
150,535.859253,218.524124,17.966553,45.511856,0.090940
180,163.046722,181.729462,15.005707,40.404510,0.080861
180,368.274048,179.445480,28.509460,68.558563,0.460877
180,375.536438,180.600067,18.810669,44.497284,0.149530
240,228.836639,179.625015,16.788971,41.359253,0.170285
270,203.404770,181.647461,15.709198,39.830322,0.096172
270,229.106583,171.947113,22.133484,54.307129,0.072229
300,342.871033,187.016571,13.760681,39.175507,0.109706
330,554.437683,187.159058,21.879395,55.587036,0.082578
330,388.284302,183.923172,16.372803,45.086792,0.329147
360,479.366272,185.310181,21.568665,51.103241,0.056319
390,471.615082,148.030518,19.721985,60.540985,0.195285
420,42.747612,174.117737,13.740379,37.706177,0.616492
480,64.513496,185.341644,18.504807,47.367340,0.660469
480,9.281778,165.327438,25.546400,64.376495,0.873736
480,536.690308,131.492218,18.787476,42.834045,0.071193
510,494.874115,189.653748,21.949127,56.561432,0.314285
510,514.370239,192.965973,20.605591,50.443542,0.123527
570,311.642578,178.596725,17.452820,44.492310,0.148928
570,299.669159,179.271240,16.769592,40.937378,0.087314
570,305.742615,179.648499,15.368347,39.637482,0.264920
600,348.989471,178.861053,18.268616,46.665283,0.092214
600,328.113037,185.970551,15.360779,39.476471,0.050705
600,320.132355,186.698227,14.333679,39.151581,0.142165
630,364.740784,183.134918,14.616516,43.892578,0.199164
630,333.702118,187.426804,14.482178,39.099945,0.055003
660,406.684570,175.029343,21.516479,54.480194,0.248025
660,361.138855,185.963470,16.385742,37.914276,0.100116
690,377.771973,186.465973,15.708801,40.275909,0.846038
690,454.390533,191.927917,20.073486,47.540100,0.740262
690,441.995270,189.897888,20.472839,51.419922,0.414799
690,465.606903,185.638901,22.913025,56.768005,0.848271
690,475.152954,186.412735,21.292419,54.643372,0.209539
690,383.188721,184.996719,15.660217,42.477692,0.127670
690,452.317902,182.448975,50.155396,60.606018,0.113717
720,586.686646,162.769135,46.242920,111.184906,0.819970
720,402.327454,183.121567,19.336304,47.541199,0.950375
720,554.821167,170.707520,42.283081,101.269226,0.824118
720,569.735229,164.710831,43.451538,106.905716,0.962812
720,519.051941,168.932190,112.471558,99.910004,0.059529
750,442.112915,181.214035,23.687744,59.060333,0.969485
780,549.831055,164.851868,34.992188,92.740295,0.159598
810,376.630249,172.968185,19.301147,50.418304,0.202632
810,80.858185,174.561798,20.628876,54.315826,0.071845
870,34.279652,161.775192,28.602074,70.917145,0.447091
870,392.008759,166.752960,16.282166,53.201721,0.170079
900,402.642761,168.735962,20.990784,50.263519,0.165177
900,182.927032,171.853653,20.611359,50.566711,0.226909
930,383.735413,157.807800,19.328674,46.505737,0.474129
930,382.242584,150.573120,31.357605,74.004272,0.120701
960,148.366943,186.909180,19.132294,46.692963,0.867591
960,455.252808,183.376205,15.997986,48.141846,0.588452
960,471.059601,177.312500,17.140808,56.174438,0.680061
960,462.357452,182.026123,15.493530,50.645935,0.207576
960,475.977417,174.721695,18.337891,52.809448,0.519053
960,481.190887,172.314972,15.117920,43.355377,0.074980
960,450.256287,174.832581,18.163635,49.373718,0.168530
960,455.444794,172.029297,26.208557,62.550110,0.266057
960,460.709198,175.526276,44.689026,61.759155,0.142043
960,473.676239,178.961990,26.676331,34.116425,0.050787
990,465.248596,183.586227,21.462830,50.907471,0.053479
990,481.685699,179.372711,23.660950,60.992828,0.101743
990,472.924255,178.379486,19.687378,57.910645,0.142954
990,53.777184,182.896896,22.529709,57.530609,0.148705
990,489.864594,187.374542,19.054504,60.034637,0.418264
990,152.334900,177.515900,17.268982,42.594208,0.083828
990,494.087372,179.547485,29.911530,69.243835,0.142659
1020,526.296631,185.894745,24.065430,64.975128,0.156409
1020,445.600342,167.103806,16.384216,38.845306,0.208356
1020,484.731750,177.424362,22.931030,56.645844,0.065791
1020,426.680328,165.154297,28.573181,69.219849,0.174923
1020,478.577911,181.587692,20.467896,54.899750,0.092329
1050,416.644684,161.925354,16.286621,40.949890,0.693012
1050,207.745361,162.211166,20.470062,53.038849,0.338616
1050,445.135925,159.880280,20.124512,46.779327,0.365775
1050,405.418457,168.105072,14.796265,40.954102,0.247679
1050,409.539764,166.637451,30.290039,37.452820,0.090258
1080,25.498695,189.918198,15.019081,38.560089,0.224140
1080,484.939392,169.000626,19.205322,49.402039,0.083668
1080,119.809608,187.686218,18.940987,44.133270,0.053102
1080,30.553871,188.359467,16.129707,38.759613,0.136825
1080,528.807922,166.562805,17.884033,46.482849,0.222408
1080,374.051758,166.722244,18.669983,46.343658,0.095494
1110,409.252747,177.275208,18.445923,45.096832,0.997959
1110,374.966919,176.599335,22.613708,55.726288,0.107010
1140,506.630524,167.995346,30.699310,75.583221,0.996350
1140,543.674377,164.786743,23.431152,59.750275,0.094485
1170,483.590027,148.152481,21.900146,54.250641,0.084809
1170,465.342163,160.645355,20.232483,60.191284,0.070948
1170,459.585388,166.285400,17.737854,50.171356,0.131155
1170,542.078125,166.197693,23.073730,64.332794,0.454874
1170,476.959381,142.796707,32.799866,80.414185,0.710737
1170,470.149475,153.020569,26.890991,77.388885,0.121948
1200,61.721497,174.409988,20.115921,49.931396,0.198630
1200,589.330139,109.523071,49.631714,167.860321,0.286654
1200,560.817566,126.076759,57.452026,142.558014,0.153750
1230,1.971300,175.233017,20.329815,57.347504,0.063254
1290,448.921814,170.989914,21.277466,52.560303,0.994985
1290,121.086723,166.117355,20.859200,50.784210,0.169049
1320,540.690735,170.860291,29.844727,71.715485,0.952177
1320,101.718224,168.144608,19.478958,54.475891,0.075919
1410,365.578461,177.006729,14.017212,38.609375,0.108159
1410,421.032867,177.035782,21.115723,50.975739,0.577645
1410,402.134033,178.448746,17.024292,47.506073,0.109395
1440,372.296478,177.931686,14.702332,35.590515,0.598076
1440,367.491516,175.738846,12.450317,41.450562,0.052810
1470,382.584229,174.192764,16.329590,41.884857,0.977728
1470,364.880707,172.778549,16.649048,44.469482,0.240175
1470,388.798737,171.417191,17.540894,44.896362,0.118364
1470,375.346527,172.829315,18.145020,46.484558,0.064820
1500,397.643890,173.389969,19.666809,48.173889,0.627880
1530,592.647461,183.421677,15.914429,43.113892,0.196955
1530,426.158752,180.315506,25.285950,62.038269,0.742592
1530,507.989594,182.994125,20.000031,48.660461,0.324778
1530,428.843018,182.514587,16.598328,40.848267,0.110129
1560,479.360474,183.258957,19.873962,49.907349,0.983077
1560,413.706268,197.340393,16.748047,43.753021,0.847908
1560,419.499817,199.755371,15.626465,42.020233,0.566097
1560,488.505188,188.745422,16.349976,43.313904,0.182318
1560,473.657227,183.426636,17.739380,52.018463,0.145980
1560,457.160980,186.902313,18.826172,48.407410,0.061242
1560,356.057434,180.181274,20.097168,58.025635,0.106940
1560,422.493378,201.065918,19.337646,47.328278,0.115421
1590,546.689209,175.655838,24.684570,62.641968,0.441212
1590,368.972748,170.407608,20.701172,50.314484,0.375192
1590,379.673950,168.045929,31.174744,75.509552,0.224664
1590,492.795410,184.624359,25.020386,67.703583,0.050941
1590,542.602722,185.659454,19.626831,50.734314,0.053035
1620,423.460693,175.543869,14.451050,38.268616,0.523231
1620,316.889893,184.015488,14.781067,38.073364,0.548513
1620,397.330078,172.387070,18.109009,51.179077,0.713360
1620,452.964844,146.606934,20.250183,51.161346,0.191330
1620,429.292877,165.948105,19.235596,47.783081,0.079363
1620,435.514618,153.261749,22.326965,53.696472,0.082654
1650,341.091431,184.046005,19.933044,49.184906,0.997589
1650,482.428375,177.668884,17.453918,42.540771,0.991329
1650,458.695770,169.041702,20.168274,48.724304,0.678884
1650,132.471146,193.280441,13.492981,35.559479,0.059984
1650,460.965668,170.627045,41.798706,50.393799,0.062893
1680,547.383484,183.579453,20.637573,51.418976,0.997431
1680,369.877716,176.709488,27.594421,67.509460,0.993892
1680,389.874817,183.362167,24.335327,60.634766,0.074599
1680,380.036469,178.411011,26.891907,67.084351,0.080292
1680,598.041870,172.610199,35.601318,60.818695,0.126005
1680,591.016724,148.521561,37.419434,93.180969,0.461010
1710,439.002747,156.769516,55.092041,135.309891,0.998168
1710,457.932983,162.271957,52.831299,127.261246,0.061721
1710,421.607178,165.321152,45.165771,109.009445,0.054320
1770,364.142975,182.348877,14.472107,47.200317,0.402588
1770,562.855103,163.199356,28.393433,71.161652,0.069025
1800,420.381500,179.926163,20.128906,49.211731,0.322389
1800,431.231598,179.102463,17.352478,46.214111,0.122564
1800,386.359924,183.802505,15.013733,37.308807,0.150699
1800,402.494873,186.229263,17.259033,43.733582,0.091399
1800,392.615814,187.228058,25.029663,36.887695,0.099703
1830,414.638550,170.139160,20.842773,52.473236,0.064806
1830,545.164368,177.630951,25.328003,62.915070,0.125600
1830,428.352905,164.340927,21.670959,64.475525,0.054603
