30,465.912903,152.974686,34.088074,83.355896,0.995066
30,261.371887,16.472427,21.927307,53.460144,0.482444
30,201.926758,176.493607,20.117065,51.184052,0.168343
30,297.216705,173.326981,23.354370,58.428925,0.719207
30,241.783417,171.944153,23.404938,56.484406,0.073376
30,343.984375,178.795029,25.020264,58.175690,0.154177
30,198.465164,177.031586,16.191437,44.664734,0.266525
30,132.359100,182.391830,19.803375,46.662231,0.076882
30,268.625885,173.520386,22.097229,56.295898,0.120476
60,280.933899,0.000000,24.257324,46.911198,0.760017
60,349.702393,162.694534,29.438049,74.208740,0.994404
60,360.743958,164.083969,30.029602,75.309601,0.275196
60,268.062378,175.480240,16.341553,40.854248,0.250817
60,405.350250,176.824905,25.535034,67.713135,0.734128
60,551.318481,132.096268,47.406494,113.117859,0.993008
60,376.117401,168.810028,30.417175,73.047516,0.086081
60,320.143402,176.127869,25.261658,59.706177,0.493333
60,344.010071,166.737564,57.988770,70.158722,0.149679
60,389.512787,176.046524,47.651917,78.839874,0.051078
60,324.975433,163.377625,153.571777,78.428070,0.097624
90,431.885986,154.204926,40.591187,98.795258,0.998430
90,385.232819,150.635269,41.591248,101.140900,0.994199
90,305.510284,175.250061,16.739075,41.375122,0.371300
90,364.411591,154.997253,35.591248,83.950897,0.161183
90,118.056435,187.092484,19.403282,51.291077,0.066565
90,499.099854,165.379196,21.945862,53.787903,0.093136
90,357.136108,158.738647,28.822937,70.370514,0.349165
120,471.370148,137.948624,61.004120,146.112534,0.985435
120,500.236694,135.992340,62.709229,158.192871,0.994345
120,337.437622,173.919479,17.139038,48.507965,0.266369
120,330.598450,172.416092,17.154541,47.198059,0.138037
120,129.528595,189.553253,15.347137,42.285065,0.066540
120,454.529938,138.635223,56.193237,134.877075,0.091289
120,321.655182,173.440704,20.829102,52.528870,0.119055
150,421.514404,163.250809,21.646179,53.646271,0.232517
150,540.766968,197.539124,14.902344,39.934387,0.097071
150,364.147522,178.636749,19.647461,49.583496,0.156182
150,431.056366,173.207306,17.791382,51.248108,0.100343
150,587.114197,180.707214,22.189453,54.951263,0.521688
150,544.758484,193.112366,15.539307,42.408051,0.053944
150,571.277954,186.241180,16.940063,45.113647,0.087722
150,550.571106,192.753448,17.728638,45.161377,0.106560
180,435.381470,174.237747,19.605164,52.076111,0.058264
180,121.057312,201.573074,21.361786,50.161987,0.270094
210,413.272491,176.244736,17.232422,52.461578,0.125603
210,445.547150,188.815460,15.409729,38.032745,0.262581
210,342.276550,172.088455,20.783875,53.920380,0.072394
210,435.797333,177.585281,21.976135,46.074371,0.051151
240,387.806732,179.463074,13.598267,40.018311,0.139872
270,240.374115,185.307190,14.480804,41.151306,0.771126
270,245.495697,183.462280,15.297546,40.400146,0.054889
270,236.361771,183.073166,31.900040,40.809875,0.063985
270,232.914398,186.141052,15.459961,38.381989,0.111745
300,83.750450,189.763535,15.947266,40.655731,0.946124
300,530.649048,188.123810,17.192627,53.219757,0.237351
300,536.312012,185.541824,20.853760,51.795563,0.655537
300,545.440735,185.775864,20.265503,48.693542,0.085846
300,522.026001,186.082489,17.711304,54.874420,0.516569
300,114.808960,184.190659,13.030075,41.353424,0.054529
300,66.711304,193.334244,12.422562,35.222626,0.052763
300,510.603455,182.404175,52.091064,59.686188,0.096363
330,472.676605,175.664917,20.487854,49.551697,0.765152
330,482.141632,176.447525,23.596130,56.370728,0.679610
330,554.971619,177.417313,30.049927,72.952637,0.957633
330,544.908936,180.181259,31.307495,74.875885,0.420488
330,570.898743,179.022324,25.853760,62.174988,0.152969
330,295.880463,184.681976,18.437683,43.093292,0.083748
330,289.399597,182.102798,16.906311,41.241577,0.115103
330,283.993896,184.329926,14.913025,39.099396,0.061932
330,466.946289,175.927582,51.244995,65.988129,0.106802
360,544.505737,158.573151,35.559570,85.649323,0.687174
360,35.173302,177.270905,16.716034,43.013947,0.195144
360,27.826527,177.714203,17.929596,43.694427,0.062142
360,273.500061,169.370636,21.963867,58.459534,0.118026
360,557.606201,159.574402,33.738892,84.340240,0.134410
390,550.481506,164.151825,19.852173,50.332794,0.892098
390,598.654053,150.502579,30.687744,74.976929,0.154106
390,545.728210,160.361069,29.585571,74.295746,0.169889
390,450.390472,171.689240,16.135681,39.164978,0.290098
420,601.097778,186.184814,19.848267,53.528625,0.095212
420,448.857971,175.593781,16.573792,40.647827,0.082617
420,467.620117,169.742126,18.960815,49.461792,0.829791
450,499.614166,188.284973,20.306183,50.368500,0.287466
450,395.717316,188.958664,12.395447,37.668274,0.120544
450,390.030457,188.231445,14.321167,39.036926,0.288607
450,447.733368,185.295090,19.880676,54.431335,0.080896
480,201.576065,183.089508,16.892334,44.183777,0.119316
480,483.365509,190.644104,21.744202,56.619415,0.351611
510,561.498718,195.969238,21.359619,53.178864,0.060563
510,528.396423,186.433868,24.942749,61.827637,0.785886
510,536.552612,185.594528,25.647949,62.149414,0.103020
510,498.806854,193.305130,16.652069,43.412109,0.155696
510,515.224976,185.476791,50.904663,60.254730,0.083026
540,479.788879,183.042160,25.327576,61.493622,0.512744
570,539.510498,176.474380,27.636963,67.708344,0.956732
570,527.873535,175.516144,28.079956,68.284027,0.253148
570,582.393005,172.160187,29.296265,78.826324,0.237249
570,613.930359,168.819305,25.313110,83.918365,0.075701
570,594.948914,158.177002,43.454712,110.518250,0.323469
570,540.581543,167.966705,99.418457,89.205872,0.110550
570,523.284363,174.964386,54.532959,70.604462,0.056108
600,202.477142,179.267349,13.365601,43.203369,0.062148
600,186.447678,178.192215,12.769592,43.051575,0.148239
600,553.373962,179.265045,19.294922,46.292175,0.092729
600,548.614929,179.068100,27.495361,66.960114,0.102347
630,203.466827,187.598755,15.883636,39.586761,0.771502
630,155.397705,183.151169,18.204346,45.306061,0.090390
660,245.409302,173.768524,16.895660,48.863586,0.086504
660,261.510284,183.714432,13.359863,43.996948,0.187100
660,265.489960,186.539551,15.284912,40.625458,0.336172
660,551.197205,181.568451,20.350464,49.747192,0.789296
660,504.648193,186.500015,20.913330,54.988708,0.090170
690,291.633392,182.754257,17.700500,44.104675,0.973946
690,398.832947,187.050079,15.413208,38.916168,0.810380
690,264.158325,178.325089,17.599731,40.661133,0.147719
690,10.889749,172.700806,18.507442,45.452576,0.093714
690,284.844727,185.741562,17.803772,42.802551,0.080613
690,181.084045,183.859604,16.234955,45.428650,0.207664
690,244.544968,162.561584,23.094070,58.170776,0.074297
720,351.185181,189.570328,16.152466,39.378998,0.989638
720,280.905273,187.180969,15.739685,40.324463,0.725244
720,4.238681,197.187729,19.814129,49.925262,0.192492
720,255.436371,184.356400,17.507263,42.186127,0.554398
720,130.242432,190.327621,16.416870,37.913391,0.225727
720,357.214539,189.165604,14.710571,39.408844,0.227543
720,604.326172,196.652710,31.122314,88.592743,0.383172
720,202.693802,176.589157,17.587463,47.356598,0.057877
720,331.581726,188.607040,14.746460,42.384094,0.054104
720,393.486908,188.964493,19.318604,52.808655,0.248046
720,592.948364,186.475891,34.966431,90.456665,0.062108
720,10.639377,194.557541,22.642498,53.449860,0.057894
720,348.078278,179.962891,23.763794,54.564331,0.078286
720,575.459167,179.223160,35.942871,91.046616,0.081916
750,288.323822,183.356125,17.835022,44.375488,0.752549
750,342.586365,188.931625,15.910950,43.310547,0.650915
750,349.488556,192.183838,14.181396,41.863831,0.162595
750,251.241440,188.202408,17.894119,48.388855,0.748365
750,327.959412,191.434570,14.780823,41.719025,0.114942
750,88.976776,192.140091,15.701691,37.259033,0.232654
750,308.494385,187.910080,16.579041,44.786163,0.278798
750,336.660522,190.085541,16.468567,42.560974,0.380293
750,521.543884,170.777542,28.204834,70.767609,0.074134
750,468.326843,173.023224,32.154785,75.015869,0.095355
750,257.539215,188.614761,19.570129,46.019958,0.063501
750,304.221710,189.567413,32.663635,41.122131,0.224525
780,350.040344,179.954224,25.023193,62.075104,0.989284
780,361.315033,184.227707,23.093811,55.913849,0.471515
780,220.664795,188.894653,15.726624,41.351685,0.758023
780,539.186829,183.318542,16.097900,38.305939,0.066865
780,238.149963,186.971619,14.953796,42.414154,0.168608
780,501.791412,177.670944,16.042816,39.453522,0.134577
780,295.002045,181.901428,17.593323,42.484772,0.163019
780,338.837280,180.927094,24.265198,57.120148,0.098193
780,522.935364,184.118103,13.392944,40.440125,0.598918
810,371.371490,179.357361,21.901001,54.843201,0.959305
810,447.286621,171.482239,31.026001,75.645630,0.995023
810,254.600266,184.771255,23.232224,56.780884,0.441162
810,262.976379,181.251480,26.443848,62.824371,0.948070
810,245.059845,186.435013,22.539612,55.422668,0.306514
810,236.451447,187.277771,20.420074,51.668427,0.927550
810,273.931183,185.332626,22.454102,58.823822,0.467949
810,84.374603,186.364426,16.084152,40.699829,0.760095
810,56.625797,184.287613,21.035313,49.704254,0.471965
810,611.448975,165.064606,27.300659,72.729248,0.117587
810,457.664307,182.864136,26.010376,61.814117,0.249066
810,617.746887,178.293900,18.965454,48.969604,0.361522
810,241.796417,183.693771,50.210999,56.838684,0.213241
840,589.105530,169.209030,32.531616,82.431335,0.985180
840,216.832672,173.586197,30.275848,73.072296,0.964400
840,474.701050,168.961823,31.372437,79.514008,0.997258
840,66.313477,178.351273,16.205276,43.384064,0.736003
840,84.054832,179.646591,16.693054,40.932373,0.904118
840,570.549683,165.297928,32.949707,80.549561,0.988190
840,232.256546,172.620255,31.482742,76.839142,0.821837
840,36.919701,172.332214,17.996857,47.488892,0.076783
840,9.858846,169.310074,18.131832,47.029541,0.467865
840,43.268211,172.856964,18.548523,47.988434,0.111702
840,181.142975,169.079651,28.037598,72.165009,0.720886
840,73.613052,173.181763,19.266754,49.253326,0.077134
840,59.923843,173.939865,17.759949,45.787903,0.077694
870,24.176128,158.631882,36.953979,89.810303,0.996917
870,577.590637,159.001617,39.462402,96.586731,0.994705
870,117.321609,157.830307,38.771606,96.894226,0.937262
870,336.959686,167.646378,16.554077,44.068146,0.223765
870,137.497437,158.428833,39.544891,97.756134,0.964008
870,601.234802,158.069458,36.934814,98.006561,0.068164
870,329.618683,162.996964,17.812012,50.707916,0.094712
870,119.225433,153.388138,25.809814,67.396820,0.065650
870,584.325623,162.413712,25.576782,65.742584,0.050503
870,153.228714,161.011292,35.295898,88.736145,0.106356
870,30.042866,150.117981,18.295738,106.262848,0.054550
900,108.872192,177.695496,15.827087,39.220520,0.277005
930,91.548088,171.703964,19.637985,47.612091,0.380745
930,121.576881,170.216690,16.231148,37.653778,0.477039
960,609.743286,177.475006,17.240234,41.068634,0.472355
960,35.522293,164.981720,20.783646,53.159729,0.188009
990,91.190689,179.534866,15.488342,37.061829,0.072641
990,567.054749,175.430191,19.135132,48.620667,0.061537
990,10.021710,181.819122,24.324654,40.557404,0.054951
1020,608.723145,190.045746,15.332764,46.779297,0.128725
1020,613.068481,192.531830,17.721558,42.757690,0.916391
1020,621.379822,190.230911,15.950928,43.386261,0.057391
1050,95.239281,186.392944,15.429214,39.596619,0.598919
1050,15.848804,193.701996,16.441738,39.500488,0.581981
1050,620.688232,194.069473,18.708984,43.497101,0.325104
1050,607.077393,185.316895,30.303833,56.789093,0.055986
1080,619.404907,192.829895,16.020630,45.506897,0.420440
1080,40.689365,190.695908,15.302979,44.252655,0.302546
1080,609.892700,193.465103,18.000977,45.547760,0.955797
1080,626.887939,190.140808,12.149048,50.382202,0.277823
1080,34.998257,194.355804,15.876274,44.228912,0.085640
1080,10.595867,197.191574,25.865570,38.607361,0.279063
1110,16.282528,197.952438,16.720036,40.970947,0.284142
1110,41.483471,191.878372,15.000069,43.296112,0.395750
1110,31.609844,194.522995,17.152756,44.858337,0.069611
1110,625.037659,186.944412,13.860107,57.283661,0.084129
1110,616.664185,190.568954,18.405518,49.053284,0.294400
1110,64.104622,187.899170,22.008667,46.916809,0.120197
1140,41.001022,193.260223,14.659325,41.803558,0.461091
1140,32.228432,196.586166,16.356377,42.729675,0.105904
1140,11.325727,199.425293,23.775782,39.335388,0.219811
1170,41.677299,191.796478,15.239433,44.181396,0.190157
1170,57.134918,191.131332,15.164963,44.557343,0.138208
1170,35.999763,193.462677,16.717583,45.618073,0.057414
1170,14.628616,198.306122,18.079163,41.841797,0.396613
1170,63.554092,188.264862,15.879913,47.327515,0.169571
1170,618.442444,191.053009,18.608154,53.749969,0.087736
1200,34.805653,196.066071,17.053772,42.051849,0.763204
1200,14.744326,198.323059,17.521688,41.013824,0.335344
1200,40.172520,191.696991,17.334778,45.379547,0.079142
1200,60.849499,189.431503,17.251522,45.148346,0.140451
1230,35.210766,194.230331,16.749702,44.966339,0.125172
1230,612.640198,193.637024,20.293579,49.162872,0.260819
1230,625.940369,189.299377,13.516479,55.358368,0.072217
1230,40.888256,194.717545,15.267723,40.578949,0.120570
1230,11.712368,199.103195,24.361000,40.730164,0.095215
1260,609.062134,202.271591,16.115601,39.397339,0.866286
1260,34.699600,192.723999,17.454918,46.339874,0.178993
1260,13.809862,194.737534,17.645744,41.794434,0.708292
1260,43.448479,192.565475,14.004768,43.564697,0.059407
1290,40.731548,194.082718,14.960876,42.621338,0.215073
1290,14.859031,195.958893,17.624771,41.815918,0.667413
1290,58.698845,191.454727,16.520874,43.045624,0.129915
1290,33.741070,195.972565,15.460930,44.371735,0.091123
1290,612.814575,191.417145,20.891602,52.068726,0.057471
1290,605.254883,195.296371,19.881714,47.667450,0.220153
1320,14.524714,195.536530,17.684681,42.128296,0.680046
1320,60.752831,191.440369,16.780624,42.300629,0.186203
1320,40.366978,192.540955,14.537193,45.264771,0.189105
1320,67.314796,190.938171,18.038055,44.204254,0.091441
1320,605.006897,197.453232,17.579468,44.134247,0.278509
1320,607.716248,194.024384,25.174805,47.907318,0.061596
1350,607.985291,199.899628,17.884399,42.217041,0.973329
1350,14.685130,195.373840,18.023773,42.853088,0.734357
1350,39.782288,192.675674,14.911163,45.306976,0.065393
1350,61.329830,190.774002,17.561977,43.554443,0.052066
1350,33.430275,194.370926,16.064629,46.315369,0.125260
1350,615.260803,194.914001,18.527954,46.175751,0.305708
1380,608.163513,201.405594,17.510864,42.327118,0.970847
1380,54.316109,190.509064,19.609039,47.414642,0.345408
1380,47.478737,191.232162,19.348709,48.780426,0.087669
1380,615.865051,193.058029,19.744751,49.847687,0.052566
1410,608.622131,201.168503,17.264648,42.662170,0.958659
1410,13.767230,195.555267,18.093086,44.537994,0.682360
1410,41.669292,191.188080,15.190460,45.516174,0.257716
1410,35.592972,191.937515,17.305878,47.563965,0.098613
1410,58.356819,190.259277,17.356247,44.064362,0.053088
1410,613.507874,193.423508,20.620972,49.350372,0.074852
1440,608.346375,201.458481,18.277710,44.912994,0.990947
1440,13.599560,195.876709,18.310814,44.603180,0.537600
1440,56.890373,192.337692,15.502213,42.447601,0.068355
1440,69.561333,189.721237,17.183578,44.030487,0.190281
1440,63.821281,190.078461,16.671249,44.841949,0.063244
1440,40.357315,194.149689,16.225922,42.736969,0.140684
1470,14.080297,196.506119,18.050377,44.044556,0.565952
1470,38.560421,193.827866,16.336540,43.405243,0.137817
1470,58.029015,193.650375,15.975388,40.006134,0.069838
1470,61.224670,193.636749,22.276245,40.858673,0.289849
1500,13.951462,198.099075,18.297981,44.124023,0.913322
1500,607.556885,203.464645,14.622314,40.206024,0.896335
1500,41.500526,196.366547,14.960625,42.060944,0.358893
1500,32.008453,197.585571,16.614746,44.529266,0.052741
1500,612.371521,201.655731,17.325806,42.649231,0.224757
1530,608.091309,209.647308,17.158691,40.543671,0.900307
1530,13.162034,204.057343,17.724464,42.925873,0.935066
1530,100.392365,198.983780,28.096497,69.230698,0.976908
1530,38.934952,200.809448,15.090919,43.076782,0.448127
1530,33.541790,203.023529,15.300674,45.063538,0.085314
1530,110.071327,200.852478,26.674187,66.575897,0.534331
1530,94.237442,203.053879,22.317764,57.863998,0.112155
1530,88.402328,202.925079,53.312668,61.757812,0.180225
1560,8.975042,205.550537,16.535240,40.259338,0.503070
1560,45.522629,201.847565,17.000847,40.849701,0.064533
1560,25.304680,207.518066,15.293640,38.450104,0.067526
1560,30.596733,200.575211,16.452095,46.742859,0.212279
1590,608.874329,205.202637,17.616333,42.180359,0.956974
1620,610.367920,203.063187,17.305542,42.505646,0.885668
1620,0.334348,196.305634,13.174458,49.584015,0.175990
1620,458.018738,193.526764,19.707092,54.554657,0.064316
1620,8.883005,197.612854,16.071362,44.787018,0.168533
1620,463.531860,188.944641,20.895142,55.210968,0.169822
1650,425.412689,194.168579,18.479065,41.521393,0.093373
1680,402.710938,185.634567,17.910828,44.418396,0.203729
1710,523.849304,195.463394,14.227295,36.413269,0.062661
1770,2.141035,185.797424,24.490889,62.455414,0.050720
1830,529.624939,200.193344,12.253296,36.748230,0.194982
1830,532.671448,198.041107,15.295288,39.641022,0.063990
