30,366.918701,163.557953,43.424438,103.719727,0.984006
30,97.746147,155.861053,30.203705,72.208984,0.077982
60,426.425781,159.416107,14.126892,43.808929,0.349819
60,324.056458,172.115509,15.939880,38.700043,0.420297
60,431.492798,164.824020,12.977600,43.308807,0.178089
60,316.804779,169.487411,14.683167,40.982147,0.058782
60,440.570923,165.789703,15.283569,40.880280,0.098276
60,306.018951,167.532013,18.852905,51.109436,0.083049
90,495.484009,181.311447,19.434875,54.475281,0.120076
90,605.850403,168.601425,34.149597,95.392807,0.059772
90,593.887024,186.650208,22.024292,52.864075,0.059381
90,466.131531,182.292923,20.251648,46.899841,0.111670
90,502.824921,182.163162,16.936676,49.067749,0.347395
120,542.202393,176.344009,35.524536,87.464645,0.825013
120,521.447144,176.868073,25.618896,80.413452,0.135390
120,529.058899,176.801056,34.507446,85.422119,0.637384
180,566.769409,168.504730,18.404175,42.948273,0.054987
210,562.913757,140.735107,25.168091,60.962280,0.623151
210,525.813965,171.021332,22.065430,54.357025,0.096811
210,485.882751,166.599716,20.057556,48.874054,0.511210
210,542.937622,152.311279,23.774048,58.369720,0.193767
210,572.281006,142.790085,25.525513,62.559570,0.098973
210,492.631378,167.771240,20.227692,49.456635,0.117456
210,585.575256,146.971939,22.332886,52.423767,0.057465
210,480.102966,165.247894,19.118103,48.261536,0.232645
210,559.827271,138.374069,35.708618,87.191284,0.155248
210,380.230499,174.943054,14.416321,35.484894,0.112368
210,575.924011,141.763580,32.700806,77.373108,0.078766
240,581.405457,169.369843,22.036133,56.282013,0.561366
240,455.966827,154.698212,48.645508,117.084839,0.269240
240,443.523071,158.039062,43.191833,99.568726,0.073864
240,605.220825,148.415634,32.709473,95.794678,0.088164
240,404.877991,183.283249,16.906494,43.134003,0.052614
240,578.540039,160.410767,36.193237,90.055450,0.058782
270,307.763550,179.721191,15.733826,37.611115,0.972196
270,426.045471,185.314438,15.026123,35.526947,0.687164
270,303.583557,181.693329,12.825256,36.412537,0.129484
270,429.890594,184.360977,15.905640,42.384369,0.065280
270,410.762909,183.727463,13.932495,38.252289,0.292811
300,320.862793,170.287872,19.785461,48.621246,0.982527
300,433.742523,185.624512,15.631287,38.826050,0.418354
300,451.585388,182.498550,16.187866,45.338348,0.077946
300,391.684357,186.506332,15.264709,36.324646,0.116355
300,427.705658,182.345764,17.616882,41.692902,0.083330
300,571.929443,167.809280,31.123291,78.538788,0.088130
300,573.125183,160.078995,45.818115,110.933365,0.213016
300,144.210129,192.900467,18.804993,44.529144,0.116268
300,314.402313,140.806183,31.954102,84.780457,0.064724
300,588.846680,163.945343,35.159058,90.152985,0.081381
330,348.667328,181.470016,17.350342,42.820831,0.991758
330,457.037720,181.577637,18.742126,46.772003,0.529160
330,468.619873,181.252579,17.230835,43.945709,0.069188
330,547.210144,174.791855,14.505493,47.755249,0.110799
330,404.824707,183.062378,16.345764,40.475342,0.488044
330,504.711456,174.736359,18.783051,57.613220,0.232272
360,386.464294,184.141922,18.763428,45.381348,0.994737
360,423.736633,182.832993,17.012085,40.585693,0.846542
360,538.640442,174.657578,19.171265,46.645782,0.489114
360,484.845947,178.928558,17.195740,41.977875,0.068850
390,435.513245,180.507538,21.953918,52.472198,0.905361
390,512.543945,177.702271,16.542358,43.727753,0.251477
390,576.575806,175.114807,16.597046,41.120087,0.073917
390,589.468506,178.264999,22.773804,54.593109,0.065898
390,71.492393,186.124786,17.846985,45.128967,0.428331
390,430.284912,152.462677,32.389832,83.516022,0.078919
420,467.195740,180.830658,21.099731,52.099213,0.841218
420,526.632874,171.726974,38.050415,93.759995,0.976451
420,20.949791,190.513641,16.367527,42.476440,0.056038
420,540.125122,175.029236,32.046143,80.531830,0.166557
420,496.547211,166.038177,26.820160,64.545441,0.058183
420,560.462402,179.948807,17.026123,45.814606,0.094125
450,596.035583,163.074753,33.633911,81.600922,0.072176
450,580.619141,159.814682,38.143555,90.488190,0.685627
450,614.167297,163.839554,24.187012,82.129395,0.132416
450,4.165092,188.897675,18.278236,47.041565,0.092867
450,514.577698,175.459991,28.416748,69.858765,0.700639
450,560.970825,159.616180,74.526978,84.100311,0.188349
510,595.107727,204.777390,14.595825,34.884155,0.053556
540,95.310326,195.875488,14.416321,41.679199,0.161668
570,45.742413,195.321625,18.002586,42.217255,0.539871
630,1.580477,188.787567,18.382059,46.785706,0.077646
630,57.490849,186.213654,17.495708,40.522522,0.132319
660,21.964874,185.961975,15.221924,39.670380,0.348569
660,60.408165,182.163712,16.149796,41.341400,0.100213
660,16.037989,186.969910,16.600485,42.449402,0.320774
660,27.610916,185.425598,16.667633,42.199463,0.496779
660,10.340803,187.283356,16.262466,43.725708,0.059163
660,88.085793,176.813705,17.718750,45.137817,0.320376
690,40.104492,167.704178,21.680328,50.191376,0.246450
690,18.918676,168.825348,20.340219,49.614136,0.412381
690,32.973122,168.941833,18.478912,47.844299,0.065433
690,487.447998,44.428284,25.128662,60.122971,0.136637
690,120.442841,175.017014,15.612640,38.275360,0.102439
690,23.130432,157.036972,25.061653,64.993286,0.060118
720,86.874809,168.885101,17.012756,42.492157,0.147848
720,120.906662,163.318207,15.537201,43.487457,0.071645
750,51.033443,157.657501,18.704975,47.449768,0.242869
780,12.362432,155.633270,18.620262,46.117096,0.461035
810,6.668929,173.843262,16.886559,41.261932,0.089787
810,48.558281,169.339813,16.148186,39.494873,0.394181
810,86.968781,161.780975,18.256531,44.290161,0.519142
840,16.725746,180.390640,16.263813,40.443176,0.296817
840,8.301070,178.187180,18.068832,42.515594,0.068753
840,36.658417,183.675674,17.390991,42.625061,0.072286
840,427.717621,159.406433,18.723755,44.981750,0.104239
840,453.072693,157.868805,21.045837,48.787079,0.627647
840,92.698906,172.402588,19.384933,42.046844,0.063037
870,56.308655,182.473907,16.334595,39.808990,0.625629
870,3.640981,185.402176,21.611523,53.111572,0.154349
870,447.725281,151.850891,23.840271,56.658020,0.134763
870,63.270233,181.251053,15.939529,40.270142,0.146738
870,80.409042,179.506943,17.479431,41.709076,0.341236
900,45.047901,182.118683,17.304192,41.253662,0.736229
900,480.889832,154.734055,24.563232,57.916687,0.135280
900,472.378754,151.242706,23.208801,52.779480,0.088774
900,67.223549,178.386978,18.191513,43.864288,0.121891
900,546.015991,145.747223,27.012817,70.741974,0.289744
930,503.489380,154.971085,24.195190,60.043915,0.922170
930,32.730797,183.736298,17.167358,44.855927,0.124788
930,563.392151,145.859146,32.146973,84.462494,0.923612
930,560.466858,148.301865,25.270020,60.139008,0.141388
960,579.041016,148.307541,34.674072,85.042175,0.933251
960,137.524811,178.706757,15.078918,39.834106,0.194373
960,520.229980,158.344543,28.133545,66.295807,0.983802
960,44.113861,186.294891,15.042870,43.533813,0.070217
960,26.613972,189.225632,16.580353,42.814087,0.565801
990,528.049194,159.412415,27.795654,69.583221,0.994002
990,25.521851,193.582932,18.128914,45.127655,0.907137
990,41.799911,190.835449,17.984978,45.063721,0.551296
990,33.726376,191.612274,16.653328,47.329224,0.150943
990,417.660797,178.461578,15.590820,41.122864,0.108304
990,50.490433,187.402374,18.041298,47.501617,0.072708
990,189.197937,186.386200,14.592896,37.029114,0.203345
990,602.524109,153.324661,29.899658,80.834961,0.091264
990,501.926483,163.535980,25.477814,67.090088,0.070241
1020,526.237671,164.322998,28.790405,69.354645,0.995594
1020,26.599018,196.632248,16.378609,44.912689,0.547384
1020,42.208900,194.272461,16.518768,42.798309,0.204811
1020,167.323227,186.050323,16.331940,42.867737,0.768688
1020,56.286942,194.299286,17.845657,42.342590,0.218165
1020,31.169382,194.682495,18.679045,47.573029,0.068522
1020,611.987610,154.009995,28.012390,86.284790,0.394019
1020,499.125427,170.548370,25.427917,64.002625,0.170796
1050,525.659851,166.953217,28.379761,69.955444,0.993456
1050,417.308533,184.022141,14.081421,41.116394,0.304760
1050,140.740860,193.187881,14.776062,40.673828,0.767629
1050,497.842560,170.678802,28.036163,65.818298,0.238238
1080,521.545227,170.315704,27.562866,66.925323,0.982652
1080,499.664429,176.770630,23.376892,54.605621,0.250926
1110,509.981934,172.923676,29.538818,70.606873,0.855856
1110,49.139843,201.210556,17.186237,43.257812,0.565175
1110,520.765137,174.342239,27.448364,66.749390,0.340996
1110,492.388855,178.634628,23.152283,58.454620,0.078425
1110,26.961349,199.531036,15.616051,48.820465,0.153598
1110,94.836639,200.197113,17.149139,42.551361,0.287788
1110,43.057613,198.729233,17.875633,45.445068,0.084866
1110,500.899567,172.077164,59.441315,70.348633,0.073730
1110,56.047539,203.721970,16.226135,41.879974,0.053371
1110,499.528656,172.394501,29.343964,71.362366,0.267750
1140,493.010468,182.329391,23.824371,57.149292,0.232108
1140,503.346680,183.613403,24.104004,59.026062,0.670992
1140,530.123840,181.244690,22.312988,53.486481,0.320263
1140,25.218191,201.546570,16.728067,47.743896,0.107768
1140,50.336990,203.920151,16.066147,41.507477,0.077990
1140,56.661140,203.548050,13.213783,41.239288,0.060732
1140,504.389130,181.937500,58.014801,58.611115,0.056447
1170,500.420288,181.669586,24.165405,58.213257,0.713608
1170,509.191742,183.385040,23.297943,59.263794,0.258473
1170,492.863007,181.163696,22.923065,57.781342,0.245513
1170,53.370743,203.167236,17.559250,44.844879,0.104976
1170,46.195457,202.702499,15.718987,43.859467,0.056989
1170,24.535351,204.058029,17.161400,46.820221,0.167862
1170,526.951050,183.120636,24.320923,59.589355,0.295243
1170,486.919373,182.250229,19.519531,49.573639,0.142008
1170,494.110779,183.098648,54.943481,57.636200,0.087100
1200,507.453613,182.894974,23.300659,59.344360,0.139412
1200,529.184937,183.462677,24.243408,58.738586,0.101714
1200,500.256836,181.051193,23.422729,58.264343,0.402479
1200,140.770935,183.230286,23.654449,64.767181,0.077949
1200,494.752960,181.926224,55.628448,58.795654,0.050162
1230,532.720703,179.992981,23.205078,57.454285,0.636471
1230,499.170380,180.641006,23.604584,55.739594,0.064554
1230,507.339783,179.474457,24.385620,61.541016,0.369047
1230,129.289520,176.233536,33.576752,83.699081,0.088125
1230,502.850342,179.744812,55.680542,58.174194,0.085273
1260,507.990997,178.372910,25.283234,62.446503,0.300317
1260,137.637054,186.592133,24.148193,63.434937,0.154585
1260,0.995430,34.844490,60.253716,219.532715,0.253351
1260,402.691223,185.818985,16.642944,44.733429,0.073696
1260,533.188110,180.555206,23.341919,57.276093,0.753592
1290,402.195557,185.225845,13.119568,38.623749,0.431586
1290,395.689911,184.600739,15.523010,44.918884,0.127393
1290,537.430908,182.951553,24.801636,60.258759,0.134023
1290,509.615784,181.248978,28.641602,69.839874,0.215379
1290,397.606567,184.599640,27.619812,35.451538,0.063093
1320,395.950012,185.895020,16.833130,41.136353,0.105051
1320,378.510498,187.106140,18.321045,44.589661,0.094184
1320,543.860413,185.164230,29.063354,70.831207,0.356774
1320,426.566742,182.300934,17.794678,51.808350,0.208469
1320,525.489807,180.342911,30.847290,73.092560,0.069441
1320,526.156128,186.229584,59.006714,55.403503,0.059281
1350,434.893402,183.880173,17.479370,47.309967,0.861012
1350,402.817474,184.339432,14.255432,41.822113,0.140699
1350,46.206005,206.973740,13.952438,41.254852,0.071248
1350,456.362976,180.292862,18.499207,38.753296,0.065904
1380,437.177612,184.161682,16.073242,46.894867,0.407256
1380,121.178719,165.096313,20.155693,50.659363,0.090164
1410,439.546417,179.118942,17.509766,49.447601,0.550804
1410,403.232697,183.864960,15.898438,48.116455,0.056459
1410,507.318756,153.012939,24.094330,58.906067,0.074552
1440,463.198975,180.948624,24.253662,62.170715,0.968740
1440,441.307892,181.683823,19.495605,46.730133,0.751432
1440,415.050720,184.969742,16.595337,45.443176,0.277175
1440,404.269836,178.667511,23.109741,60.649872,0.125275
1470,441.595154,177.390961,21.566223,50.944672,0.098685
1470,482.101471,170.281570,29.955780,72.801880,0.661633
1470,93.665695,166.287476,30.656403,77.765656,0.275372
1500,499.907227,165.459412,26.491821,66.599274,0.869113
1500,482.260529,169.361572,51.369476,67.297119,0.115866
1500,446.215729,186.156677,17.092651,44.855927,0.274787
1530,507.934570,166.227890,23.971558,60.219604,0.584193
1530,444.955200,180.086380,19.219116,47.075348,0.151522
1530,498.170776,163.715195,24.856689,64.584412,0.056677
1560,508.109833,167.383713,24.341156,61.455750,0.918231
1560,498.482300,173.271408,23.526062,60.825043,0.076652
1590,480.393799,177.688751,21.689514,55.234314,0.163989
1590,505.885834,167.501556,30.035004,72.577209,0.891711
1590,447.427002,185.647537,19.157898,46.394928,0.093001
1590,484.988007,175.582581,56.999420,63.678070,0.076014
1620,513.250305,168.463593,24.804688,61.274963,0.950298
1620,478.771210,178.604401,21.989075,53.315979,0.641061
1620,505.701752,165.025787,24.446259,62.146667,0.091588
1620,501.583496,174.306641,21.915039,59.999146,0.067072
1620,484.473541,170.371765,58.838593,62.174377,0.054194
1620,468.061096,177.736404,45.352966,57.681488,0.051093
1650,517.784607,165.183960,25.916992,64.101959,0.914789
1650,446.940979,180.536774,19.039917,46.927979,0.403048
1650,486.378845,181.806686,21.797119,53.503876,0.283367
1650,512.073730,170.295380,22.564575,56.005646,0.074025
1650,480.981781,181.075378,19.550293,49.246887,0.059181
1680,421.836426,187.272644,19.448059,48.626617,0.874620
1680,520.088501,169.168015,28.564453,70.988647,0.872992
1680,170.481049,198.059921,16.718384,41.828217,0.113461
1680,447.643585,184.660736,21.260620,50.554504,0.402455
1680,529.805298,169.405670,29.599243,70.971558,0.495485
1710,527.159363,175.030457,33.697876,84.587433,0.998922
1710,422.475372,194.285141,17.666992,46.044098,0.949420
1710,487.572449,181.078156,23.119690,59.456238,0.400622
1710,555.498230,175.385818,23.300537,62.361481,0.393898
1710,67.457977,205.603867,14.882996,41.910950,0.236626
1710,540.079895,175.805237,31.366333,79.947906,0.122650
1710,453.453339,186.249466,20.996155,50.330017,0.393719
1710,52.520161,208.290421,13.950588,41.655151,0.160206
1710,550.596313,174.079498,36.154419,84.294434,0.125955
1740,547.574097,170.948288,42.316772,102.192764,0.999568
1740,590.449585,170.626846,37.802979,90.591660,0.941906
1740,605.105774,168.339081,32.385254,91.049438,0.076471
1740,580.269043,174.062134,33.824585,83.483154,0.080252
1740,539.243164,168.948975,83.619995,94.729858,0.483751
1740,591.170898,126.683022,43.830200,154.467896,0.051756
1740,29.685165,212.597717,18.677406,55.675293,0.053327
1740,462.896851,185.981186,21.207520,51.089905,0.158988
1740,499.003235,192.155060,20.367859,46.843964,0.248805
1770,591.342468,155.167053,47.130737,129.442139,0.999362
1770,424.483978,189.075287,18.550598,46.552582,0.477939
1770,522.281189,181.560425,20.822876,50.852936,0.220771
1770,579.528442,176.665054,19.435547,52.045227,0.068744
1770,557.207581,168.862000,82.792419,102.743896,0.068885
1770,605.401978,158.656876,27.648438,31.736908,0.080593
1770,481.864441,195.191757,21.211731,47.513214,0.226853
