30,506.017395,119.255112,45.538940,107.361664,0.113778
90,516.129761,167.530640,17.481201,42.435944,0.280444
120,369.255157,177.465622,15.145752,37.971527,0.491089
150,591.406738,172.695724,20.335083,48.053589,0.286060
150,442.101837,160.744507,17.317322,51.062622,0.067483
150,422.702271,173.326569,18.562500,49.060394,0.075289
180,376.569336,177.313339,15.615112,42.048798,0.054758
210,67.024742,171.214706,17.978012,45.580505,0.229986
210,78.217400,174.201950,17.617966,42.598877,0.232027
210,470.561432,174.023956,21.379150,53.083466,0.193130
210,101.591888,176.732040,15.877853,41.151154,0.057778
210,477.874512,173.905289,21.483765,55.508514,0.119036
240,39.127697,167.005600,22.255814,54.650116,0.630028
240,47.051807,173.822144,20.776279,49.196442,0.055069
270,454.412659,168.898468,16.668884,44.425018,0.341782
270,539.453003,168.802750,31.367432,74.839630,0.061472
270,533.052856,171.271454,23.735474,59.914581,0.178722
270,464.379700,168.637329,16.450195,43.103424,0.174447
270,511.053772,181.641052,17.954590,49.506256,0.162564
300,473.479614,163.651215,20.200500,49.484406,0.482056
300,529.862427,161.003052,18.245972,46.297363,0.693696
300,466.810364,164.416916,19.984314,47.286407,0.152966
300,500.700592,162.168274,17.794708,44.006531,0.166139
300,505.747772,156.204254,18.580658,53.063477,0.170750
300,548.484314,164.313614,18.134888,49.309998,0.359152
300,494.770233,161.571350,18.099640,46.716461,0.441637
300,590.455017,164.998779,17.117676,40.676483,0.151524
300,463.678894,166.522324,15.383118,42.288055,0.073690
300,459.239319,163.927765,49.137512,46.809875,0.115572
300,476.525269,162.689133,53.798462,46.629120,0.076891
330,503.934326,165.137360,18.580078,45.487976,0.397187
330,547.110474,163.011093,16.394165,44.196686,0.529646
330,472.494751,162.075363,18.435852,44.621887,0.597068
330,480.882843,163.642288,15.893738,44.596039,0.153963
330,563.154663,164.689117,16.931519,41.073090,0.322507
330,547.864441,163.058395,30.672363,42.410248,0.053197
360,556.425659,171.776901,15.558838,40.255859,0.110532
360,608.289856,174.925339,15.614258,38.688751,0.316576
360,514.179382,164.015900,19.065796,48.670654,0.227232
360,603.031006,175.393005,14.786621,36.232025,0.062716
390,516.506226,168.399384,18.076782,43.507019,0.453623
390,554.833374,164.853699,18.144531,49.507599,0.646170
390,599.129700,169.071182,16.067993,43.669464,0.058114
390,608.677917,172.584274,15.894043,41.778748,0.083673
390,523.350952,169.208176,16.153442,43.951599,0.171821
390,6.679317,180.255127,21.379025,49.631256,0.061551
390,545.995544,160.710907,20.620972,53.616089,0.070871
390,527.732971,168.533615,18.253052,48.107788,0.067702
390,539.235107,162.584885,17.616699,49.322937,0.092242
390,564.283875,165.117630,18.947754,50.631256,0.183344
390,66.582870,178.715424,22.219803,46.187958,0.052340
420,561.863342,170.303436,18.828125,47.161835,0.631627
420,602.654907,171.256348,19.042847,45.830566,0.525316
420,519.317871,170.062531,17.880615,44.882874,0.063211
420,609.137451,172.319595,19.155396,46.386139,0.196139
420,595.998901,171.339081,18.088989,44.930237,0.053919
420,557.156860,173.047913,17.037842,46.636322,0.231290
420,545.105713,166.338440,20.192505,52.831909,0.141391
420,3.634758,183.039673,28.438633,44.663818,0.056359
420,568.139221,168.449112,20.300781,51.480652,0.113907
420,542.085510,168.986771,46.398315,50.556366,0.058410
450,601.300415,171.144928,20.538330,48.729279,0.827008
450,555.928589,171.029327,19.643555,51.046539,0.774674
450,538.532776,169.512436,15.978027,47.958160,0.094912
450,525.818665,172.968735,18.078613,47.776672,0.076720
450,562.447632,164.617188,22.064209,55.293457,0.490988
450,608.592529,173.035370,19.159668,47.501495,0.286715
450,595.744873,170.931274,18.962402,45.520111,0.062279
450,515.826782,165.736252,21.212524,51.759308,0.340790
450,543.013367,168.475006,20.227173,51.755676,0.613450
450,602.115906,152.941605,27.775391,66.117035,0.131274
450,540.941223,167.820602,51.588989,52.130127,0.218412
480,557.617859,175.991486,16.980469,47.041748,0.517221
480,517.273926,172.123199,19.330811,45.368835,0.279379
480,562.826111,174.052399,18.207886,50.100189,0.098508
480,523.664246,175.577240,18.130127,43.631836,0.051407
480,601.393799,179.080734,17.195679,43.168884,0.453314
480,540.828491,172.367889,17.336304,46.494263,0.154566
480,550.688416,171.192169,18.420776,49.710938,0.062948
510,514.853699,170.893570,20.666382,47.852142,0.641834
510,556.780823,177.106766,16.104126,46.907562,0.654023
510,564.792297,176.867783,16.987427,47.334839,0.189533
510,602.738953,180.038574,17.404907,43.878296,0.244088
510,549.355713,172.285995,19.796875,51.263672,0.319887
510,524.314575,174.972916,20.195435,47.596313,0.116072
510,595.404968,177.711990,16.397095,43.775360,0.071498
510,610.422058,180.152374,16.543701,44.144165,0.074597
510,541.729675,169.764481,19.325928,52.962738,0.371591
540,555.713684,177.734375,17.781616,47.930298,0.559243
540,515.859131,176.676392,18.269043,48.683472,0.198012
540,604.660095,181.459061,14.376343,45.071625,0.102474
540,528.346008,178.418915,17.122437,46.668396,0.157027
540,539.313843,171.455414,20.046265,52.047028,0.183925
540,560.155029,176.815247,24.858765,48.232117,0.198264
540,546.095764,172.268021,20.181152,54.185974,0.256972
570,556.821228,179.427628,16.138428,43.813477,0.313504
570,571.407410,177.091354,15.780762,48.739532,0.083724
570,601.557190,182.280518,17.471802,42.450104,0.121279
570,517.098083,177.679871,18.947876,45.896942,0.154122
570,540.068420,175.388214,18.104370,48.392517,0.108565
570,550.144958,173.844162,18.768066,49.134094,0.128604
570,560.702942,177.770782,23.541382,45.817688,0.168942
600,554.852234,175.094589,19.660278,49.315704,0.442105
600,603.972595,180.520996,15.812988,45.178772,0.066886
600,523.766235,175.934998,20.980225,50.302551,0.131848
600,516.159607,172.289093,22.207275,50.018372,0.685877
600,540.276367,171.446915,19.384521,53.035309,0.321404
600,511.645874,176.568176,19.400757,57.750214,0.160292
600,547.795532,171.960403,20.369263,52.825287,0.343415
600,561.296143,174.849396,23.339478,49.408173,0.138782
600,507.168243,175.903473,43.596100,51.112579,0.098428
600,539.643005,172.543961,48.859619,54.548157,0.139846
630,516.777771,175.808914,19.523071,48.170746,0.219680
630,511.347229,180.127701,20.255249,51.148499,0.117659
630,523.575989,178.437531,18.488892,46.234283,0.078095
630,604.241394,182.080200,15.768188,43.694611,0.137797
630,539.748047,172.337204,19.617676,53.224518,0.112945
630,556.062378,176.368866,16.754761,48.593994,0.348778
630,560.707825,176.338531,21.635010,48.865906,0.052925
630,546.965576,172.564545,20.229980,52.400848,0.099097
660,554.962097,174.867905,20.234741,48.792053,0.312573
660,597.497620,182.459183,13.933105,38.498016,0.070782
660,531.331543,177.086243,17.343872,48.712860,0.104890
660,602.222473,182.193024,15.494141,40.183685,0.465375
660,604.848877,176.502441,20.385132,47.995850,0.072086
660,539.381287,169.126999,20.750000,53.565033,0.202920
660,547.393616,170.119675,19.833618,50.669250,0.150143
660,534.601746,174.068558,52.005493,51.407471,0.069417
690,518.191162,173.237473,19.990112,47.633545,0.643927
690,603.663025,180.950119,17.196167,43.582275,0.157711
690,512.739563,176.925018,18.904785,51.413025,0.249423
690,563.564514,169.639893,20.779297,52.041687,0.065985
690,555.316956,169.971313,17.592285,53.541138,0.496100
690,526.552246,175.213425,18.769409,50.545349,0.065212
690,543.654053,170.070175,20.578369,53.006195,0.162817
690,492.658112,180.207352,17.682617,43.672363,0.095171
690,504.161285,177.415604,42.137421,48.417572,0.054969
690,537.869812,169.560349,54.732056,55.467346,0.063614
720,602.698792,180.401703,17.673096,43.155487,0.397465
720,554.827942,171.047943,18.964111,53.353302,0.270642
720,609.842896,179.506729,17.579712,44.457336,0.055405
720,561.574585,164.421402,24.780762,60.951263,0.084825
720,540.867004,168.605728,18.969360,55.230804,0.168178
720,547.599609,169.119659,20.858521,56.274567,0.309913
720,518.115784,171.331970,22.257935,53.802887,0.140152
720,534.606934,168.226974,55.971558,56.270264,0.069093
750,516.747375,173.785904,19.593628,50.567688,0.249810
750,525.302124,175.222214,19.988281,50.002625,0.076764
750,512.157593,177.863480,19.355225,56.218689,0.083320
750,548.836426,168.788071,19.168091,55.266632,0.176709
750,539.078369,170.511765,18.446777,51.465485,0.087560
750,556.156433,173.118866,15.888794,51.904755,0.277397
750,561.027100,172.675262,20.263184,51.792389,0.110516
780,554.819580,172.502060,19.216309,50.400116,0.607760
780,563.991028,169.613846,21.034302,52.560425,0.174659
780,524.961304,175.326141,18.886963,51.469757,0.175714
780,517.467041,171.259079,21.153442,53.004333,0.335906
780,539.777222,170.206238,16.754883,50.590240,0.126192
780,610.418335,179.937866,15.276611,44.727600,0.052374
780,602.716919,178.990799,16.530884,45.165894,0.188374
780,543.837524,170.045929,20.761597,53.534241,0.157102
780,542.008423,170.455948,47.599487,56.572296,0.110132
810,513.490479,176.995712,20.276978,50.623779,0.191833
810,519.420471,174.093445,19.129150,47.139252,0.122816
810,555.001831,173.008820,19.432251,49.750031,0.291987
810,495.227539,180.737274,15.729736,43.480469,0.056369
810,525.042786,176.289322,19.251709,48.450256,0.090208
810,600.108154,179.134857,13.817505,44.281067,0.055148
810,607.674500,177.658066,18.459229,46.982117,0.308270
810,560.755432,172.409897,22.879761,51.856720,0.091586
810,543.546021,170.631836,20.326050,52.414337,0.063072
840,556.030823,171.863266,18.560669,51.816467,0.396649
840,562.640320,170.983261,16.953369,52.300720,0.157531
840,601.189087,175.702667,20.658691,48.468475,0.351139
840,608.179016,178.783173,19.672974,46.191132,0.864455
840,525.461060,175.726807,19.658569,48.965973,0.104990
840,514.800903,174.373779,20.365601,51.882141,0.240068
840,595.907837,175.653091,17.649658,45.983795,0.054394
840,540.699219,169.693588,19.551758,53.755066,0.155232
840,548.034424,169.222855,20.060181,54.516296,0.291278
840,491.076477,179.671280,19.751343,44.631165,0.100443
840,600.049011,151.743500,30.149902,76.844727,0.071788
840,543.019958,167.810516,47.551636,57.133423,0.070343
870,563.156921,168.164825,23.054443,55.791656,0.409375
870,606.715393,176.389099,19.413208,46.660156,0.801045
870,513.538391,176.773651,20.097168,52.024872,0.130510
870,555.368286,170.301498,15.757568,55.129578,0.494370
870,598.973389,177.721161,15.726685,44.298340,0.097453
870,543.756042,169.800400,19.101807,53.033844,0.111497
870,602.061157,152.778595,28.853271,72.524994,0.062562
870,544.077637,169.246292,46.369629,57.876465,0.082742
900,606.807068,178.241455,19.128540,45.533905,0.824361
900,513.841492,176.171677,20.782837,52.803619,0.126596
900,521.508423,172.872757,19.899292,51.162292,0.050232
900,546.233215,170.086533,19.572266,54.528656,0.153250
900,600.163208,175.582474,19.870850,48.615173,0.124744
900,555.210510,169.827011,16.309937,55.153412,0.625701
900,558.707153,171.325256,21.486206,52.289368,0.258353
900,602.135925,166.544250,28.585327,61.391235,0.050843
900,536.061890,171.029816,56.395630,54.556610,0.060861
930,606.940918,177.129456,19.285645,46.537903,0.667536
930,524.464050,175.338379,20.000732,49.795532,0.154872
930,516.430847,171.707382,21.590454,52.493683,0.183569
930,544.691528,169.473022,19.576904,55.326416,0.107046
930,599.270081,173.213440,21.085693,50.716248,0.093912
930,554.986755,169.605072,16.815918,55.866547,0.577712
930,558.494080,172.321335,22.351074,54.114380,0.202157
930,601.342346,164.769394,29.959961,62.556702,0.088359
930,539.320190,168.924210,52.356323,56.426819,0.070649
960,563.277710,178.189789,17.336548,46.874481,0.338836
960,556.519775,174.723038,16.923218,50.667084,0.450084
960,517.995850,174.262466,20.638062,49.985107,0.102084
960,597.877136,179.058624,16.616943,45.264526,0.089037
960,606.725159,178.620834,19.572388,45.809967,0.598585
960,545.714294,171.797165,20.505371,55.652252,0.154202
960,601.269775,156.317078,27.914429,71.720978,0.054174
990,604.693604,177.896835,19.092896,46.397339,0.773678
990,561.996338,179.734650,19.272827,47.213043,0.564013
990,517.338867,174.750595,19.410156,49.695892,0.767998
990,599.316467,180.009659,16.103516,43.046082,0.213999
990,513.075745,180.822815,16.471191,46.701080,0.075942
990,543.681885,173.491180,20.035767,51.605621,0.106737
990,611.543030,178.275360,21.254150,49.127167,0.273148
990,553.760681,174.239349,19.114868,51.138885,0.210313
990,540.431152,173.446899,50.249756,53.275635,0.129735
1020,519.110229,176.276886,19.470703,50.292389,0.567533
1020,603.465271,178.931137,16.821899,45.965271,0.342248
1020,564.612061,175.606537,16.788696,52.214142,0.112530
1020,5.648575,189.899658,16.138847,42.066132,0.097227
1020,613.187500,175.758698,19.818604,49.794403,0.232283
1020,604.094543,161.038239,25.363281,65.383270,0.142061
1050,572.449829,180.521835,17.577881,51.679199,0.416997
1050,522.805786,178.738358,19.701538,50.933990,0.365279
1050,532.095215,178.498627,18.821655,49.574829,0.090458
1050,611.561218,180.062973,20.921753,50.807922,0.213148
1050,548.809631,172.513489,17.723267,56.979675,0.059432
1050,508.545898,177.387253,20.269409,53.141174,0.050776
1050,77.499924,190.732056,15.253876,50.221893,0.086641
1050,500.481659,179.237823,19.370941,48.264496,0.216111
1050,608.021973,155.882538,28.856567,77.701050,0.098037
1050,73.750504,194.664917,24.962418,59.624969,0.065732
1050,576.690857,159.885620,30.620605,75.261749,0.275718
1050,549.644714,160.521057,84.223755,71.162231,0.060479
1050,504.687195,178.432831,54.926514,49.877472,0.054818
1080,79.489258,194.954880,15.905685,44.190063,0.293284
1080,549.153198,184.589462,18.158325,57.816589,0.051976
1080,599.804871,157.228714,26.580566,75.681030,0.095963
1110,555.807007,208.957870,18.027344,47.483658,0.076881
1110,509.137024,189.726868,23.658813,60.258636,0.071557
1110,496.268890,191.746490,20.046661,48.302612,0.058552
1140,525.652344,188.819626,22.433228,53.775024,0.392717
1170,599.488647,172.801254,26.630493,70.813110,0.685476
1170,390.828186,186.309891,20.299744,48.501221,0.052654
1170,607.134399,166.188202,23.107300,58.338440,0.132144
1230,336.186493,198.270493,16.180725,39.032562,0.057666
1230,32.428452,189.251633,20.423203,52.190216,0.343609
1230,13.542324,185.391830,24.143402,55.910095,0.226107
1320,488.822052,170.266693,32.319977,76.520660,0.192345
1350,291.225586,197.855804,13.182617,38.800201,0.055769
1440,604.477539,223.833557,24.993164,61.275970,0.662586
1440,494.788574,180.348877,14.093140,45.683655,0.255570
1440,499.251373,180.194275,14.719635,45.058105,0.070642
1440,610.864685,213.825073,24.846436,87.254578,0.052482
1440,609.317200,217.629227,19.673828,46.988785,0.213855
1470,406.112976,189.221542,15.798218,39.964935,0.053407
1530,617.893188,176.976501,15.212158,38.885223,0.052584
1530,612.342041,174.266891,19.625244,55.918518,0.234705
1590,0.136346,180.650208,22.311344,57.701752,0.320064
1590,560.806152,189.012161,18.335571,46.994537,0.183320
1590,547.669006,187.694031,19.955078,50.346619,0.094839
1620,22.928581,183.786789,17.941753,49.721649,0.181772
1650,486.119232,174.760620,20.915771,48.731049,0.414200
1650,439.933197,193.217697,14.356140,36.373047,0.075376
1650,74.688744,189.449966,17.073242,42.789215,0.241692
1650,480.660858,179.874512,19.509705,48.333771,0.062959
1710,613.485840,187.008041,22.443115,58.056641,0.546662
1740,552.455383,201.159637,16.165771,38.569366,0.163620
1740,558.319702,203.990204,14.616333,36.223114,0.068885
1770,542.150208,172.155289,23.575806,70.852600,0.051913
1800,393.803009,200.795410,19.667664,47.929413,0.250052
1830,430.980011,203.322311,24.409790,63.525620,0.100288
1830,305.806213,185.643188,14.566895,37.046753,0.054999
