30,608.031921,175.812241,27.597046,67.014343,0.998679
30,455.847473,177.316849,20.267395,49.584991,0.976020
30,622.571594,175.416840,16.387207,68.092926,0.109683
60,608.446960,176.477478,26.963135,66.121613,0.999069
60,157.945251,186.429626,20.743988,49.357727,0.086130
60,468.920929,176.956223,23.671265,54.436157,0.800827
60,623.792175,176.711533,15.170166,67.786530,0.065755
60,476.922882,172.771225,22.278503,58.993713,0.065517
90,608.200623,175.094070,27.967163,68.106934,0.998908
90,477.145721,177.126907,21.359497,49.818176,0.444578
90,622.040222,174.683640,17.006348,69.297333,0.140492
120,608.349854,174.980972,27.473633,67.405457,0.998479
120,480.523590,174.561386,24.353455,58.890137,0.949897
120,158.755280,187.421753,20.833832,50.829010,0.191174
120,622.779297,175.207977,16.517700,68.637115,0.087944
150,496.137207,178.534760,19.569946,48.399139,0.992767
150,609.648376,180.729904,26.788818,64.093597,0.994774
150,163.316803,186.979202,17.691071,42.907898,0.054172
150,477.213593,178.748535,22.052612,55.957855,0.434281
150,622.393127,178.595612,16.490234,67.194183,0.265730
150,486.039093,171.316498,25.659302,64.520203,0.058017
180,506.245941,196.951035,19.949799,48.566406,0.993840
180,614.304199,207.645599,23.687012,50.676514,0.098665
180,477.983307,200.184906,24.252502,38.278503,0.051266
210,519.647949,208.727402,19.849854,49.165573,0.997178
210,367.714935,216.224197,16.987671,42.956772,0.287123
240,540.962402,204.947540,22.514160,55.248016,0.991072
240,3.606390,220.360306,25.232494,61.864548,0.562913
240,0.000000,217.250122,35.628387,91.296692,0.104733
270,567.522339,194.437424,22.817261,56.655426,0.992244
300,609.273987,183.628876,25.911377,63.789642,0.990635
300,208.648148,189.787521,16.076782,41.326172,0.246033
300,623.800171,179.667999,14.981201,66.605652,0.093272
330,418.962128,185.191498,16.684204,41.883484,0.152043
330,211.699966,181.210953,14.736084,35.614441,0.161037
360,529.308533,209.638031,18.780640,45.408752,0.290278
360,437.168976,184.681747,19.655273,49.558807,0.148860
360,458.802704,192.166077,18.040466,43.721893,0.071729
360,217.276413,178.185760,16.022461,37.823517,0.117705
390,246.497452,175.372467,19.421524,47.025146,0.183025
390,583.025818,182.328934,27.192505,82.100143,0.057279
420,0.259689,187.922379,26.502235,69.178909,0.397602
420,0.000000,198.494598,21.444492,41.750732,0.070383
450,267.774017,187.168304,17.531921,43.866302,0.646588
480,165.952713,190.097137,18.900299,47.451721,0.856323
480,580.025513,154.345062,59.974487,181.966156,0.407312
480,114.109421,193.742447,17.702988,42.696167,0.062437
540,106.343155,184.413544,16.856857,41.486176,0.309371
540,570.571655,209.318420,16.701538,40.562439,0.104456
540,68.309303,191.408325,21.676102,37.516357,0.053244
570,37.635754,184.050583,18.909050,46.122772,0.675898
600,10.863218,174.241684,24.153185,59.273468,0.869426
600,442.859711,187.523605,21.249023,50.385040,0.065489
660,49.181435,196.124176,14.026535,41.066101,0.168933
660,25.793484,190.482239,18.845360,48.399750,0.368837
660,348.136047,185.242188,16.789978,39.220947,0.086974
660,591.067139,171.411407,32.573730,88.362366,0.416601
660,384.918671,184.409332,23.164917,58.755615,0.056177
690,361.260895,183.168182,15.618469,40.687775,0.616968
690,599.823425,183.685974,28.524292,67.260376,0.176737
690,594.490601,181.220627,40.557495,101.315750,0.501550
690,581.893921,187.268494,28.041504,66.656860,0.561139
690,577.736816,172.379028,43.283203,105.788666,0.075340
690,590.781006,128.132782,47.527954,174.107178,0.072900
690,573.941101,185.133423,26.225952,61.148804,0.098762
690,571.283813,186.338623,60.212036,63.903656,0.301560
720,411.730377,186.563538,16.956665,43.357666,0.383881
720,510.540344,170.683838,38.042603,94.371490,0.309136
720,46.419357,178.898514,20.867584,50.999969,0.093903
720,513.206909,158.129974,51.457886,131.841034,0.065019
750,36.059525,184.464172,16.134888,39.744934,0.835838
750,47.366081,182.215240,15.802528,41.336151,0.178215
780,429.993439,167.716980,25.659302,61.442047,0.719204
780,469.488495,151.602783,30.312622,73.452332,0.079932
780,431.751465,160.723923,33.793457,85.291718,0.056614
810,434.660370,163.829346,31.507446,79.959930,0.999651
810,521.064819,185.699921,18.161743,45.419952,0.081917
840,481.862793,156.375916,42.826355,103.458771,0.999573
840,377.240936,174.840103,15.265686,38.493500,0.239554
840,426.462158,174.600983,24.572083,61.472717,0.159081
840,459.796661,163.457153,28.957703,76.981079,0.192859
840,444.919586,158.970718,101.092194,96.769928,0.161440
870,388.870941,181.465393,17.887878,43.565186,0.959483
870,574.578369,150.895584,63.983643,157.687180,0.999128
870,395.753815,181.393082,18.375549,44.409790,0.406847
870,480.546387,170.585236,30.632996,80.060760,0.384137
870,403.862183,182.065414,17.364868,44.663300,0.064553
870,408.931519,178.545288,20.206543,49.767120,0.076637
870,584.578796,154.587463,43.624512,97.330444,0.073495
900,142.553024,186.510391,14.096283,36.901733,0.222983
900,544.411377,185.579453,17.667847,41.758575,0.896490
900,541.193787,179.468048,25.677246,62.949066,0.060256
900,401.255859,183.767838,19.482361,53.892487,0.153343
930,44.234447,189.459991,17.533272,46.251221,0.182762
930,422.051147,182.009888,32.059143,79.424713,0.979467
930,393.237183,188.735397,17.146484,41.136444,0.093928
960,492.027893,172.926208,57.251343,138.158325,0.995651
960,8.223988,187.297791,21.322586,50.739685,0.648654
960,401.915680,185.371460,16.264709,46.522614,0.087955
960,33.491112,185.059570,20.649933,51.006775,0.053282
960,121.862259,186.834106,18.024200,49.732727,0.190811
960,15.499093,185.097366,19.737259,51.733673,0.108857
990,546.422546,174.874985,25.897827,62.707123,0.678721
990,415.778381,189.661240,13.990540,41.769531,0.221495
990,497.810547,181.739761,21.034485,66.626160,0.077146
990,491.078552,185.873596,20.085266,50.764008,0.190891
990,514.675720,183.761108,19.961670,56.188629,0.124491
990,507.075104,182.040482,20.684540,52.923981,0.068708
990,526.002075,177.511368,21.720093,53.205475,0.141974
990,84.882698,180.465073,21.762024,54.354523,0.559054
990,419.125031,190.372620,14.841858,49.000580,0.090195
990,77.654495,179.338226,19.838409,50.762573,0.068582
990,527.867615,175.790131,55.742554,65.041046,0.222443
1020,457.892609,198.727051,16.286377,38.566895,0.206546
1020,44.918617,174.851654,20.898506,53.173401,0.556010
1020,406.326233,190.438797,16.858948,41.066498,0.094487
1020,412.188080,185.916245,19.482483,47.348145,0.081363
1020,491.778778,187.896515,17.679016,42.372681,0.169950
1020,62.830353,197.006241,23.812012,58.337646,0.054718
1020,430.686462,188.449371,18.174805,43.898804,0.154417
1050,592.955627,178.333206,30.009033,73.560516,0.992239
1050,400.464874,190.548203,18.817078,45.818604,0.842956
1050,406.764496,192.405594,18.184326,42.469177,0.085688
1050,600.597412,174.606812,33.296265,86.063202,0.618313
1050,574.684326,184.567154,21.072266,51.561279,0.158916
1050,589.869751,183.379486,22.861938,57.947754,0.157112
1050,389.615814,191.247971,17.122009,44.761047,0.068987
1050,582.371155,186.267502,20.305542,49.405396,0.387615
1050,472.510590,193.442245,16.004089,39.400269,0.524274
1050,382.269623,191.257126,15.583008,42.965637,0.114826
1050,557.093445,196.292542,15.987671,40.001465,0.105874
1050,491.723358,190.315048,20.426178,50.553589,0.056044
1080,414.732788,190.107803,19.102234,47.915192,0.416764
1080,449.946472,196.502075,18.450439,41.793304,0.205685
1080,506.298370,183.780380,20.455841,49.888336,0.764914
1080,439.724670,196.931900,18.087830,42.893524,0.327198
1080,434.032410,194.933624,17.342834,44.462921,0.055599
1110,484.663055,183.083145,26.023865,62.941803,0.541991
1110,562.055237,165.950577,29.245117,70.504333,0.565572
1110,496.473785,183.885086,24.768646,60.556213,0.356325
1110,188.777725,200.909958,13.604584,35.837280,0.132646
1140,469.485535,201.184113,17.663025,44.207581,0.061043
1140,607.473816,192.969788,20.932739,52.021118,0.103476
1170,532.421997,186.288757,26.665527,67.078278,0.863322
1170,167.492844,187.822403,17.492889,46.407623,0.160857
1170,612.453125,181.182358,25.764893,92.468826,0.122599
1170,510.079620,184.930557,24.131622,59.019440,0.197389
1170,541.531311,192.664978,27.312256,63.755615,0.101401
1200,576.702515,168.215836,32.359009,78.238434,0.974275
1200,570.650330,171.355774,27.113525,66.060608,0.500558
1230,171.112854,188.399292,19.233276,42.540802,0.334852
1260,183.330460,179.212189,14.224976,40.108459,0.639426
1260,60.592651,140.214111,29.656769,73.222137,0.503116
1260,119.743454,182.095856,18.994843,46.226837,0.079610
1290,169.182632,176.633102,15.320465,40.851807,0.241058
1290,54.991486,182.410477,18.027771,46.342072,0.417172
1320,93.209572,188.832901,15.629333,40.465424,0.568831
1320,421.645081,178.340179,18.102478,45.277222,0.052685
1320,408.609070,178.275482,17.477600,43.136444,0.116870
1320,428.295410,179.093781,18.803650,46.833649,0.129901
1320,65.758553,178.732635,19.245026,48.797577,0.251799
1320,40.631840,176.595062,21.863220,50.095367,0.053736
1320,569.370972,170.838623,25.593872,72.143524,0.241540
1320,609.351440,170.018616,24.802246,75.353424,0.064400
1350,431.086670,173.428238,19.730591,47.461090,0.704731
1350,43.935902,172.812317,17.992958,43.555878,0.216021
1350,72.228043,186.295761,14.636917,36.818054,0.066782
1350,2.278326,111.819565,34.952423,144.806473,0.089749
1350,540.605591,166.739807,26.073486,65.472656,0.368124
1350,450.108765,177.212631,18.016113,45.377899,0.221686
1350,486.501648,180.084213,21.105286,52.937622,0.465204
1350,535.023376,159.058319,38.564575,88.634003,0.051127
1380,546.330750,177.184235,18.712158,45.008362,0.151191
1380,349.717926,176.251938,13.499512,33.181061,0.089006
1410,407.478607,172.090027,16.097473,37.401489,0.086025
1410,520.005127,177.694763,16.020386,42.612366,0.064097
1410,70.661743,170.944824,15.229294,41.060211,0.117364
1410,504.344055,175.874664,19.205566,51.454773,0.051615
1440,417.131226,171.710861,14.791016,35.663269,0.795327
1440,577.194092,179.040283,24.211792,63.816284,0.192459
1470,427.205048,166.252396,17.452698,45.164490,0.575033
1470,218.544647,150.335602,15.593811,39.278656,0.103428
1470,53.506721,174.104279,18.359833,45.660187,0.549412
1470,189.656403,159.797424,15.326141,44.418610,0.297213
1470,519.087158,158.046844,18.477661,48.195221,0.173130
1470,600.140381,134.102448,37.479126,109.320770,0.115066
1470,288.364746,156.287430,15.618958,36.146881,0.390674
1500,442.606567,165.044983,21.552063,52.588409,0.121739
1500,417.204346,176.137909,17.887756,41.239563,0.093241
1500,92.209305,156.969650,20.089859,53.781555,0.065014
1500,512.592285,167.578323,19.153076,48.700348,0.358799
1500,158.595810,158.037720,18.253754,49.093597,0.067034
1500,163.052841,153.978897,20.793762,60.706970,0.125336
1530,511.952209,168.342834,18.937866,46.649689,0.818936
1530,485.410522,167.957550,25.201660,61.680206,0.098546
1530,503.456512,169.692902,20.955902,54.784485,0.051807
1530,2.606466,170.344910,24.267670,66.900635,0.084595
1530,33.752220,167.915527,20.635773,54.462067,0.159530
1530,149.899994,153.015686,17.132385,47.540924,0.075000
1530,516.968018,162.188492,18.652832,47.605042,0.088885
1530,506.798126,165.866791,26.785614,67.771240,0.240933
1560,10.361626,164.752228,22.736565,54.867218,0.887266
1560,4.416393,167.843170,19.440285,53.007690,0.096627
1560,18.490131,174.384399,18.079929,47.308624,0.282755
1560,578.465576,155.987930,21.489136,61.811127,0.097509
1590,4.516389,181.841507,19.834396,47.011536,0.904143
1590,529.350586,183.254974,21.260376,50.656372,0.888959
1590,14.236263,178.120987,17.159039,44.759979,0.141115
1590,128.850037,160.270798,15.491089,47.246643,0.088289
1590,0.000000,169.428040,15.827534,60.466919,0.086141
1590,524.823303,182.247513,18.403442,46.428650,0.067184
1590,523.049683,179.955353,31.950806,76.392731,0.087654
1620,203.675812,163.184402,18.069061,43.675385,0.352791
1620,394.378326,185.512039,19.983948,49.568085,0.054155
1620,349.316956,183.248077,17.856445,47.073944,0.056967
1620,105.449707,176.596786,26.884628,68.281250,0.093352
1620,333.161896,187.204285,15.968445,45.489777,0.078255
1650,4.706964,184.844543,20.443012,47.944214,0.885631
1650,1.746723,180.144806,14.147797,51.391937,0.374269
1650,13.389576,181.640640,16.455887,43.325287,0.067936
1650,350.470947,177.312851,19.591370,46.910767,0.190206
1650,356.997284,178.848541,19.204712,45.895020,0.120754
1680,6.168540,183.260880,20.541603,50.499451,0.844123
1680,532.126892,184.831314,22.179565,54.222015,0.598324
1680,1.583746,178.956268,14.950863,56.342621,0.246457
1680,538.517700,178.144287,20.500854,54.336426,0.077762
1680,346.077576,184.186462,23.479919,54.334381,0.100522
1680,330.417328,186.264740,17.344971,50.783234,0.063238
1710,0.917382,177.450394,18.962624,46.582520,0.214820
1710,9.724610,179.165756,18.066734,46.162262,0.226616
1710,120.215332,173.748978,21.917053,53.138306,0.161549
1710,131.062866,172.086014,22.803162,56.565613,0.103036
1710,529.572571,185.920593,20.042114,52.713776,0.114671
1710,138.856522,170.977341,22.687592,54.071777,0.274291
1710,346.263031,180.751266,24.441956,57.757660,0.359542
1710,471.513031,167.735931,21.319580,64.565216,0.085146
1710,147.776718,175.580933,20.645203,49.955414,0.164053
1710,151.720123,183.511780,26.546906,37.438354,0.203959
1710,103.288681,174.412796,73.919159,50.545685,0.150003
1710,324.453827,183.961212,56.315735,56.125824,0.059902
1740,6.746981,184.171890,19.778137,48.558136,0.850719
1740,1.700481,180.229721,14.258158,51.990448,0.476018
1740,13.408278,182.651535,17.110470,44.339386,0.092732
1740,281.918671,180.776337,21.812622,51.830811,0.065832
1740,523.182190,175.714752,19.824707,56.145660,0.052140
1740,469.303772,170.315186,21.355469,57.998230,0.059047
1740,346.658661,181.987671,22.291748,57.136932,0.412043
1770,4.927877,185.529099,20.787277,48.559906,0.856398
1770,205.949020,167.040726,17.791382,43.459808,0.801663
1770,2.057435,181.230911,14.176701,51.374847,0.511931
1770,500.860138,188.010635,22.444977,56.812592,0.220536
1770,12.801423,181.878036,18.302620,45.688354,0.130111
1770,463.239960,167.884338,28.249084,70.784241,0.633111
1770,450.916534,168.748749,24.889771,63.310669,0.152300
1770,470.186340,171.929581,19.061462,51.835632,0.111839
1770,472.498169,173.126785,26.835510,68.677734,0.052014
1770,200.397644,163.663101,30.255188,78.723969,0.110656
1770,444.595490,174.653503,66.268433,64.872284,0.067004
1800,4.707336,186.272034,20.234110,48.160095,0.874817
1800,464.573853,173.880280,20.107422,50.025177,0.796513
1800,206.081848,168.131348,17.269592,41.834656,0.174221
1800,443.841003,178.601883,19.906616,50.862122,0.327590
1800,2.009244,182.005890,14.346853,50.535156,0.328816
1800,590.276672,163.969971,22.565552,57.541962,0.355867
1800,441.023346,171.763580,29.928589,71.510590,0.136439
1800,470.374084,165.012268,19.265625,53.918732,0.064896
1800,607.781250,167.588058,24.929932,63.831360,0.154583
1830,462.363190,169.552902,23.483887,57.691589,0.516808
1830,450.699158,169.346970,15.966003,40.911255,0.088727
1830,292.468384,186.782303,21.106628,49.875153,0.119397
1830,602.191833,174.484283,17.038086,43.081696,0.154100
1830,140.206879,170.659729,28.896790,70.751343,0.076723
1830,347.103973,180.943115,15.909607,38.682434,0.072945
1830,114.013161,169.415924,19.591133,50.687317,0.050361
1830,337.963776,182.865753,19.324097,37.466156,0.724488
1830,109.052719,164.885529,28.255264,71.637756,0.052852
